f10_l-d_kp_20_879
1025
1 888
2 964
3 1019
4 1025
5 1019
6 1025
7 1019
8 1025
9 1019
10 1025
11 1019
12 1025
13 1019
14 1025
15 1019
16 1025
17 1019
18 1025
19 1019
20 1025
21 1019
22 1025
23 1019
24 1025
25 1019
26 1025
27 1019
28 1025
29 1019
30 1025
31 1019
32 1025
33 1019
34 1025
35 1019
36 1025
37 1019
38 1025
39 1019
40 1025
41 1019
42 1025
43 1019
44 1025
45 1019
46 1025
47 1019
48 1025
49 1019
50 1025
51 1019
52 1025
53 1019
54 1025
55 1019
56 1025
57 1019
58 1025
59 1019
60 1025
61 1019
62 1025
63 1019
64 1025
65 1019
66 1025
67 1019
68 1025
69 1019
70 1025
71 1019
72 1025
73 1019
74 1025
75 1019
76 1025
77 1019
78 1025
79 1019
80 1025
81 1019
82 1025
83 1019
84 1025
85 1019
86 1025
87 1019
88 1025
89 1019
90 1025
91 1019
92 1025
93 1019
94 1025
95 1019
96 1025
97 1019
98 1025
99 1019
100 1025
101 1019
102 1025
103 1019
104 1025
105 1019
106 1025
107 1019
108 1025
109 1019
110 1025
111 1019
112 1025
113 1019
114 1025
115 1019
116 1025
117 1019
118 1025
119 1019
120 1025
121 1019
122 1025
123 1019
124 1025
125 1019
126 1025
127 1019
128 1025
129 1019
130 1025
131 1019
132 1025
133 1019
134 1025
135 1019
136 1025
137 1019
138 1025
139 1019
140 1025
141 1019
142 1025
143 1019
144 1025
145 1019
146 1025
147 1019
148 1025
149 1019
150 1025
151 1019
152 1025
153 1019
154 1025
155 1019
156 1025
157 1019
158 1025
159 1019
160 1025
161 1019
162 1025
163 1019
164 1025
165 1019
166 1025
167 1019
168 1025
169 1019
170 1025
171 1019
172 1025
173 1019
174 1025
175 1019
176 1025
177 1019
178 1025
179 1019
180 1025
181 1019
182 1025
183 1019
184 1025
185 1019
186 1025
187 1019
188 1025
189 1019
190 1025
191 1019
192 1025
193 1019
194 1025
195 1019
196 1025
197 1019
198 1025
199 1019
200 1025
201 1019
202 1025
203 1019
204 1025
205 1019
206 1025
207 1019
208 1025
209 1019
210 1025
211 1019
212 1025
213 1019
214 1025
215 1019
216 1025
217 1019
218 1025
219 1019
220 1025
221 1019
222 1025
223 1019
224 1025
225 1019
226 1025
227 1019
228 1025
229 1019
230 1025
231 1019
232 1025
233 1019
234 1025
235 1019
236 1025
237 1019
238 1025
239 1019
240 1025
241 1019
242 1025
243 1019
244 1025
245 1019
246 1025
247 1019
248 1025
249 1019
250 1025
251 1019
252 1025
253 1019
254 1025
255 1019
256 1025
257 1019
258 1025
259 1019
260 1025
261 1019
262 1025
263 1019
264 1025
265 1019
266 1025
267 1019
268 1025
269 1019
270 1025
271 1019
272 1025
273 1019
274 1025
275 1019
276 1025
277 1019
278 1025
279 1019
280 1025
281 1019
282 1025
283 1019
284 1025
285 1019
286 1025
287 1019
288 1025
289 1019
290 1025
291 1019
292 1025
293 1019
294 1025
295 1019
296 1025
297 1019
298 1025
299 1019
300 1025
301 1019
302 1025
303 1019
304 1025
305 1019
306 1025
307 1019
308 1025
309 1019
310 1025
311 1019
312 1025
313 1019
314 1025
315 1019
316 1025
317 1019
318 1025
319 1019
320 1025
321 1019
322 1025
323 1019
324 1025
325 1019
326 1025
327 1019
328 1025
329 1019
330 1025
331 1019
332 1025
333 1019
334 1025
335 1019
336 1025
337 1019
338 1025
339 1019
340 1025
341 1019
342 1025
343 1019
344 1025
345 1019
346 1025
347 1019
348 1025
349 1019
350 1025
351 1019
352 1025
353 1019
354 1025
355 1019
356 1025
357 1019
358 1025
359 1019
360 1025
361 1019
362 1025
363 1019
364 1025
365 1019
366 1025
367 1019
368 1025
369 1019
370 1025
371 1019
372 1025
373 1019
374 1025
375 1019
376 1025
377 1019
378 1025
379 1019
380 1025
381 1019
382 1025
383 1019
384 1025
385 1019
386 1025
387 1019
388 1025
389 1019
390 1025
391 1019
392 1025
393 1019
394 1025
395 1019
396 1025
397 1019
398 1025
399 1019
400 1025
401 1019
402 1025
403 1019
404 1025
405 1019
406 1025
407 1019
408 1025
409 1019
410 1025
411 1019
412 1025
413 1019
414 1025
415 1019
416 1025
417 1019
418 1025
419 1019
420 1025
421 1019
422 1025
423 1019
424 1025
425 1019
426 1025
427 1019
428 1025
429 1019
430 1025
431 1019
432 1025
433 1019
434 1025
435 1019
436 1025
437 1019
438 1025
439 1019
440 1025
441 1019
442 1025
443 1019
444 1025
445 1019
446 1025
447 1019
448 1025
449 1019
450 1025
451 1019
452 1025
453 1019
454 1025
455 1019
456 1025
457 1019
458 1025
459 1019
460 1025
461 1019
462 1025
463 1019
464 1025
465 1019
466 1025
467 1019
468 1025
469 1019
470 1025
471 1019
472 1025
473 1019
474 1025
475 1019
476 1025
477 1019
478 1025
479 1019
480 1025
481 1019
482 1025
483 1019
484 1025
485 1019
486 1025
487 1019
488 1025
489 1019
490 1025
491 1019
492 1025
493 1019
494 1025
495 1019
496 1025
497 1019
498 1025
499 1019
500 1025
501 1019
502 1025
503 1019
504 1025
505 1019
506 1025
507 1019
508 1025
509 1019
510 1025
511 1019
512 1025
513 1019
514 1025
515 1019
516 1025
517 1019
518 1025
519 1019
520 1025
521 1019
522 1025
523 1019
524 1025
525 1019
526 1025
527 1019
528 1025
529 1019
530 1025
531 1019
532 1025
533 1019
534 1025
535 1019
536 1025
537 1019
538 1025
539 1019
540 1025
541 1019
542 1025
543 1019
544 1025
545 1019
546 1025
547 1019
548 1025
549 1019
550 1025
551 1019
552 1025
553 1019
554 1025
555 1019
556 1025
557 1019
558 1025
559 1019
560 1025
561 1019
562 1025
563 1019
564 1025
565 1019
566 1025
567 1019
568 1025
569 1019
570 1025
571 1019
572 1025
573 1019
574 1025
575 1019
576 1025
577 1019
578 1025
579 1019
580 1025
581 1019
582 1025
583 1019
584 1025
585 1019
586 1025
587 1019
588 1025
589 1019
590 1025
591 1019
592 1025
593 1019
594 1025
595 1019
596 1025
597 1019
598 1025
599 1019
600 1025
601 1019
602 1025
603 1019
604 1025
605 1019
606 1025
607 1019
608 1025
609 1019
610 1025
611 1019
612 1025
613 1019
614 1025
615 1019
616 1025
617 1019
618 1025
619 1019
620 1025
621 1019
622 1025
623 1019
624 1025
625 1019
626 1025
627 1019
628 1025
629 1019
630 1025
631 1019
632 1025
633 1019
634 1025
635 1019
636 1025
637 1019
638 1025
639 1019
640 1025
641 1019
642 1025
643 1019
644 1025
645 1019
646 1025
647 1019
648 1025
649 1019
650 1025
651 1019
652 1025
653 1019
654 1025
655 1019
656 1025
657 1019
658 1025
659 1019
660 1025
661 1019
662 1025
663 1019
664 1025
665 1019
666 1025
667 1019
668 1025
669 1019
670 1025
671 1019
672 1025
673 1019
674 1025
675 1019
676 1025
677 1019
678 1025
679 1019
680 1025
681 1019
682 1025
683 1019
684 1025
685 1019
686 1025
687 1019
688 1025
689 1019
690 1025
691 1019
692 1025
693 1019
694 1025
695 1019
696 1025
697 1019
698 1025
699 1019
700 1025
701 1019
702 1025
703 1019
704 1025
705 1019
706 1025
707 1019
708 1025
709 1019
710 1025
711 1019
712 1025
713 1019
714 1025
715 1019
716 1025
717 1019
718 1025
719 1019
720 1025
721 1019
722 1025
723 1019
724 1025
725 1019
726 1025
727 1019
728 1025
729 1019
730 1025
731 1019
732 1025
733 1019
734 1025
735 1019
736 1025
737 1019
738 1025
739 1019
740 1025
741 1019
742 1025
743 1019
744 1025
745 1019
746 1025
747 1019
748 1025
749 1019
750 1025
751 1019
752 1025
753 1019
754 1025
755 1019
756 1025
757 1019
758 1025
759 1019
760 1025
761 1019
762 1025
763 1019
764 1025
765 1019
766 1025
767 1019
768 1025
769 1019
770 1025
771 1019
772 1025
773 1019
774 1025
775 1019
776 1025
777 1019
778 1025
779 1019
780 1025
781 1019
782 1025
783 1019
784 1025
785 1019
786 1025
787 1019
788 1025
789 1019
790 1025
791 1019
792 1025
793 1019
794 1025
795 1019
796 1025
797 1019
798 1025
799 1019
800 1025
801 1019
802 1025
803 1019
804 1025
805 1019
806 1025
807 1019
808 1025
809 1019
810 1025
811 1019
812 1025
813 1019
814 1025
815 1019
816 1025
817 1019
818 1025
819 1019
820 1025
821 1019
822 1025
823 1019
824 1025
825 1019
826 1025
827 1019
828 1025
829 1019
830 1025
831 1019
832 1025
833 1019
834 1025
835 1019
836 1025
837 1019
838 1025
839 1019
840 1025
841 1019
842 1025
843 1019
844 1025
845 1019
846 1025
847 1019
848 1025
849 1019
850 1025
851 1019
852 1025
853 1019
854 1025
855 1019
856 1025
857 1019
858 1025
859 1019
860 1025
861 1019
862 1025
863 1019
864 1025
865 1019
866 1025
867 1019
868 1025
869 1019
870 1025
871 1019
872 1025
873 1019
874 1025
875 1019
876 1025
877 1019
878 1025
879 1019
880 1025
881 1019
882 1025
883 1019
884 1025
885 1019
886 1025
887 1019
888 1025
889 1019
890 1025
891 1019
892 1025
893 1019
894 1025
895 1019
896 1025
897 1019
898 1025
899 1019
900 1025
901 1019
902 1025
903 1019
904 1025
905 1019
906 1025
907 1019
908 1025
909 1019
910 1025
911 1019
912 1025
913 1019
914 1025
915 1019
916 1025
917 1019
918 1025
919 1019
920 1025
921 1019
922 1025
923 1019
924 1025
925 1019
926 1025
927 1019
928 1025
929 1019
930 1025
931 1019
932 1025
933 1019
934 1025
935 1019
936 1025
937 1019
938 1025
939 1019
940 1025
941 1019
942 1025
943 1019
944 1025
945 1019
946 1025
947 1019
948 1025
949 1019
950 1025
951 1019
952 1025
953 1019
954 1025
955 1019
956 1025
957 1019
958 1025
959 1019
960 1025
961 1019
962 1025
963 1019
964 1025
965 1019
966 1025
967 1019
968 1025
969 1019
970 1025
971 1019
972 1025
973 1019
974 1025
975 1019
976 1025
977 1019
978 1025
979 1019
980 1025
981 1019
982 1025
983 1019
984 1025
985 1019
986 1025
987 1019
988 1025
989 1019
990 1025
991 1019
992 1025
993 1019
994 1025
995 1019
996 1025
997 1019
998 1025
999 1019
1000 1025
1001 1019
