f1_l-d_kp_10_269
295
1 251
2 293
3 287
4 273
5 193
6 273
7 287
8 293
9 290
10 293
11 290
12 293
13 290
14 293
15 216
16 293
17 211
18 293
19 287
20 293
21 290
22 293
23 290
24 293
25 290
26 293
27 240
28 159
29 240
30 158
31 240
32 293
33 290
34 293
35 290
36 293
37 290
38 293
39 290
40 293
41 290
42 293
43 290
44 293
45 290
46 293
47 290
48 293
49 290
50 293
51 287
52 231
53 201
54 236
55 242
56 163
57 242
58 287
59 293
60 290
61 293
62 290
63 293
64 290
65 293
66 290
67 293
68 290
69 293
70 290
71 293
72 287
73 293
74 290
75 293
76 290
77 293
78 240
79 160
80 240
81 157
82 240
83 293
84 290
85 293
86 290
87 293
88 290
89 293
90 290
91 293
92 290
93 293
94 290
95 293
96 290
97 293
98 290
99 293
100 290
101 293
102 287
103 231
104 201
105 236
106 242
107 163
108 242
109 287
110 293
111 290
112 293
113 290
114 293
115 290
116 293
117 290
118 293
119 290
120 293
121 290
122 293
123 287
124 293
125 290
126 293
127 290
128 293
129 240
130 160
131 240
132 157
133 240
134 293
135 290
136 293
137 290
138 293
139 290
140 293
141 290
142 293
143 290
144 293
145 290
146 293
147 290
148 293
149 290
150 293
151 290
152 293
153 287
154 231
155 201
156 236
157 242
158 163
159 242
160 287
161 293
162 290
163 293
164 290
165 293
166 290
167 293
168 290
169 293
170 290
171 293
172 290
173 293
174 287
175 293
176 290
177 293
178 290
179 293
180 240
181 160
182 240
183 157
184 240
185 293
186 290
187 293
188 290
189 293
190 290
191 293
192 290
193 293
194 290
195 293
196 290
197 293
198 290
199 293
200 290
201 293
202 290
203 293
204 287
205 231
206 201
207 236
208 242
209 163
210 242
211 287
212 293
213 290
214 293
215 290
216 293
217 290
218 293
219 290
220 293
221 290
222 293
223 290
224 293
225 287
226 293
227 290
228 293
229 290
230 293
231 240
232 160
233 240
234 157
235 240
236 293
237 290
238 293
239 290
240 293
241 290
242 293
243 290
244 293
245 290
246 293
247 290
248 293
249 290
250 293
251 290
252 293
253 290
254 293
255 287
256 231
257 201
258 236
259 242
260 163
261 242
262 287
263 293
264 290
265 293
266 290
267 293
268 290
269 293
270 290
271 293
272 290
273 293
274 290
275 293
276 287
277 293
278 290
279 293
280 290
281 293
282 240
283 160
284 240
285 157
286 240
287 293
288 290
289 293
290 290
291 293
292 290
293 293
294 290
295 293
296 290
297 293
298 290
299 293
300 290
301 293
302 290
303 293
304 290
305 293
306 287
307 231
308 201
309 236
310 242
311 163
312 242
313 287
314 293
315 290
316 293
317 290
318 293
319 290
320 293
321 290
322 293
323 290
324 293
325 290
326 293
327 287
328 293
329 290
330 293
331 290
332 293
333 240
334 160
335 240
336 157
337 240
338 293
339 290
340 293
341 290
342 293
343 290
344 293
345 290
346 293
347 290
348 293
349 290
350 293
351 290
352 293
353 290
354 293
355 290
356 293
357 287
358 231
359 201
360 236
361 242
362 163
363 242
364 287
365 293
366 290
367 293
368 290
369 293
370 290
371 293
372 290
373 293
374 290
375 293
376 290
377 293
378 287
379 293
380 290
381 293
382 290
383 293
384 240
385 160
386 240
387 157
388 240
389 293
390 290
391 293
392 290
393 293
394 290
395 293
396 290
397 293
398 290
399 293
400 290
401 293
402 290
403 293
404 290
405 293
406 290
407 293
408 287
409 231
410 201
411 236
412 242
413 163
414 242
415 287
416 293
417 290
418 293
419 290
420 293
421 290
422 293
423 290
424 293
425 290
426 293
427 290
428 293
429 287
430 293
431 290
432 293
433 290
434 293
435 240
436 160
437 240
438 157
439 240
440 293
441 290
442 293
443 290
444 293
445 290
446 293
447 290
448 293
449 290
450 293
451 290
452 293
453 290
454 293
455 290
456 293
457 290
458 293
459 287
460 231
461 201
462 236
463 242
464 163
465 242
466 287
467 293
468 290
469 293
470 290
471 293
472 290
473 293
474 290
475 293
476 290
477 293
478 290
479 293
480 287
481 293
482 290
483 293
484 290
485 293
486 240
487 160
488 240
489 157
490 240
491 293
492 290
493 293
494 290
495 293
496 290
497 293
498 290
499 293
500 290
501 293
502 290
503 293
504 290
505 293
506 290
507 293
508 290
509 293
510 287
511 231
512 201
513 236
514 242
515 163
516 242
517 287
518 293
519 290
520 293
521 290
522 293
523 290
524 293
525 290
526 293
527 290
528 293
529 290
530 293
531 287
532 293
533 290
534 293
535 290
536 293
537 240
538 160
539 240
540 157
541 240
542 293
543 290
544 293
545 290
546 293
547 290
548 293
549 290
550 293
551 290
552 293
553 290
554 293
555 290
556 293
557 290
558 293
559 290
560 293
561 287
562 231
563 201
564 236
565 242
566 163
567 242
568 287
569 293
570 290
571 293
572 290
573 293
574 290
575 293
576 290
577 293
578 290
579 293
580 290
581 293
582 287
583 293
584 290
585 293
586 290
587 293
588 240
589 160
590 240
591 157
592 240
593 293
594 290
595 293
596 290
597 293
598 290
599 293
600 290
601 293
602 290
603 293
604 290
605 293
606 290
607 293
608 290
609 293
610 290
611 293
612 287
613 231
614 201
615 236
616 242
617 163
618 242
619 287
620 293
621 290
622 293
623 290
624 293
625 290
626 293
627 290
628 293
629 290
630 293
631 290
632 293
633 287
634 293
635 290
636 293
637 290
638 293
639 240
640 160
641 240
642 157
643 240
644 293
645 290
646 293
647 290
648 293
649 290
650 293
651 290
652 293
653 290
654 293
655 290
656 293
657 290
658 293
659 290
660 293
661 290
662 293
663 287
664 231
665 201
666 236
667 242
668 163
669 242
670 287
671 293
672 290
673 293
674 290
675 293
676 290
677 293
678 290
679 293
680 290
681 293
682 290
683 293
684 287
685 293
686 290
687 293
688 290
689 293
690 240
691 160
692 240
693 157
694 240
695 293
696 290
697 293
698 290
699 293
700 290
701 293
702 290
703 293
704 290
705 293
706 290
707 293
708 290
709 293
710 290
711 293
712 290
713 293
714 287
715 231
716 201
717 236
718 242
719 163
720 242
721 287
722 293
723 290
724 293
725 290
726 293
727 290
728 293
729 290
730 293
731 290
732 293
733 290
734 293
735 287
736 293
737 290
738 293
739 290
740 293
741 240
742 160
743 240
744 157
745 240
746 293
747 290
748 293
749 290
750 293
751 290
752 293
753 290
754 293
755 290
756 293
757 290
758 293
759 290
760 293
761 290
762 293
763 290
764 293
765 287
766 231
767 201
768 236
769 242
770 163
771 242
772 287
773 293
774 290
775 293
776 290
777 293
778 290
779 293
780 290
781 293
782 290
783 293
784 290
785 293
786 287
787 293
788 290
789 293
790 290
791 293
792 240
793 160
794 240
795 157
796 240
797 293
798 290
799 293
800 290
801 293
802 290
803 293
804 290
805 293
806 290
807 293
808 290
809 293
810 290
811 293
812 290
813 293
814 290
815 293
816 287
817 231
818 201
819 236
820 242
821 163
822 242
823 287
824 293
825 290
826 293
827 290
828 293
829 290
830 293
831 290
832 293
833 290
834 293
835 290
836 293
837 287
838 293
839 290
840 293
841 290
842 293
843 240
844 160
845 240
846 157
847 240
848 293
849 290
850 293
851 290
852 293
853 290
854 293
855 290
856 293
857 290
858 293
859 290
860 293
861 290
862 293
863 290
864 293
865 290
866 293
867 287
868 231
869 201
870 236
871 242
872 163
873 242
874 287
875 293
876 290
877 293
878 290
879 293
880 290
881 293
882 290
883 293
884 290
885 293
886 290
887 293
888 287
889 293
890 290
891 293
892 290
893 293
894 240
895 160
896 240
897 157
898 240
899 293
900 290
901 293
902 290
903 293
904 290
905 293
906 290
907 293
908 290
909 293
910 290
911 293
912 290
913 293
914 290
915 293
916 290
917 293
918 287
919 231
920 201
921 236
922 242
923 163
924 242
925 287
926 293
927 290
928 293
929 290
930 293
931 290
932 293
933 290
934 293
935 290
936 293
937 290
938 293
939 287
940 293
941 290
942 293
943 290
944 293
945 240
946 160
947 240
948 157
949 240
950 293
951 290
952 293
953 290
954 293
955 290
956 293
957 290
958 293
959 290
960 293
961 290
962 293
963 290
964 293
965 290
966 293
967 290
968 293
969 287
970 231
971 201
972 236
973 242
974 163
975 242
976 287
977 293
978 290
979 293
980 290
981 293
982 290
983 293
984 290
985 293
986 290
987 293
988 290
989 293
990 287
991 293
992 290
993 293
994 290
995 293
996 240
997 160
998 240
999 157
1000 240
1001 293
