f2_l-d_kp_20_878
1024
1 798
2 861
3 947
4 1005
5 1016
6 1010
7 1016
8 1010
9 1016
10 1010
11 1016
12 1010
13 1016
14 1010
15 1016
16 1010
17 1016
18 1010
19 1016
20 1010
21 1016
22 1010
23 1016
24 1010
25 1016
26 1010
27 1016
28 1010
29 1016
30 1010
31 1016
32 1010
33 1016
34 1010
35 1016
36 1010
37 1016
38 1010
39 1016
40 1010
41 1016
42 1010
43 1016
44 1010
45 1016
46 1010
47 1016
48 1010
49 1016
50 1010
51 1016
52 1010
53 1016
54 1010
55 1016
56 1010
57 1016
58 1010
59 1016
60 1010
61 1016
62 1010
63 1016
64 1010
65 1016
66 1010
67 1016
68 1010
69 1016
70 1010
71 1016
72 1010
73 1016
74 1010
75 1016
76 1010
77 1016
78 1010
79 1016
80 1010
81 1016
82 1010
83 1016
84 1010
85 1016
86 1010
87 1016
88 1010
89 1016
90 1010
91 1016
92 1010
93 1016
94 1010
95 1016
96 1010
97 1016
98 1010
99 1016
100 1010
101 1016
102 1010
103 1016
104 1010
105 1016
106 1010
107 1016
108 1010
109 1016
110 1010
111 1016
112 1010
113 1016
114 1010
115 1016
116 1010
117 1016
118 1010
119 1016
120 1010
121 1016
122 1010
123 1016
124 1010
125 1016
126 1010
127 1016
128 1010
129 1016
130 1010
131 1016
132 1010
133 1016
134 1010
135 1016
136 1010
137 1016
138 1010
139 1016
140 1010
141 1016
142 1010
143 1016
144 1010
145 1016
146 1010
147 1016
148 1010
149 1016
150 1010
151 1016
152 1010
153 1016
154 1010
155 1016
156 1010
157 1016
158 1010
159 1016
160 1010
161 1016
162 1010
163 1016
164 1010
165 1016
166 1010
167 1016
168 1010
169 1016
170 1010
171 1016
172 1010
173 1016
174 1010
175 1016
176 1010
177 1016
178 1010
179 1016
180 1010
181 1016
182 1010
183 1016
184 1010
185 1016
186 1010
187 1016
188 1010
189 1016
190 1010
191 1016
192 1010
193 1016
194 1010
195 1016
196 1010
197 1016
198 1010
199 1016
200 1010
201 1016
202 1010
203 1016
204 1010
205 1016
206 1010
207 1016
208 1010
209 1016
210 1010
211 1016
212 1010
213 1016
214 1010
215 1016
216 1010
217 1016
218 1010
219 1016
220 1010
221 1016
222 1010
223 1016
224 1010
225 1016
226 1010
227 1016
228 1010
229 1016
230 1010
231 1016
232 1010
233 1016
234 1010
235 1016
236 1010
237 1016
238 1010
239 1016
240 1010
241 1016
242 1010
243 1016
244 1010
245 1016
246 1010
247 1016
248 1010
249 1016
250 1010
251 1016
252 1010
253 1016
254 1010
255 1016
256 1010
257 1016
258 1010
259 1016
260 1010
261 1016
262 1010
263 1016
264 1010
265 1016
266 1010
267 1016
268 1010
269 1016
270 1010
271 1016
272 1010
273 1016
274 1010
275 1016
276 1010
277 1016
278 1010
279 1016
280 1010
281 1016
282 1010
283 1016
284 1010
285 1016
286 1010
287 1016
288 1010
289 1016
290 1010
291 1016
292 1010
293 1016
294 1010
295 1016
296 1010
297 1016
298 1010
299 1016
300 1010
301 1016
302 1010
303 1016
304 1010
305 1016
306 1010
307 1016
308 1010
309 1016
310 1010
311 1016
312 1010
313 1016
314 1010
315 1016
316 1010
317 1016
318 1010
319 1016
320 1010
321 1016
322 1010
323 1016
324 1010
325 1016
326 1010
327 1016
328 1010
329 1016
330 1010
331 1016
332 1010
333 1016
334 1010
335 1016
336 1010
337 1016
338 1010
339 1016
340 1010
341 1016
342 1010
343 1016
344 1010
345 1016
346 1010
347 1016
348 1010
349 1016
350 1010
351 1016
352 1010
353 1016
354 1010
355 1016
356 1010
357 1016
358 1010
359 1016
360 1010
361 1016
362 1010
363 1016
364 1010
365 1016
366 1010
367 1016
368 1010
369 1016
370 1010
371 1016
372 1010
373 1016
374 1010
375 1016
376 1010
377 1016
378 1010
379 1016
380 1010
381 1016
382 1010
383 1016
384 1010
385 1016
386 1010
387 1016
388 1010
389 1016
390 1010
391 1016
392 1010
393 1016
394 1010
395 1016
396 1010
397 1016
398 1010
399 1016
400 1010
401 1016
402 1010
403 1016
404 1010
405 1016
406 1010
407 1016
408 1010
409 1016
410 1010
411 1016
412 1010
413 1016
414 1010
415 1016
416 1010
417 1016
418 1010
419 1016
420 1010
421 1016
422 1010
423 1016
424 1010
425 1016
426 1010
427 1016
428 1010
429 1016
430 1010
431 1016
432 1010
433 1016
434 1010
435 1016
436 1010
437 1016
438 1010
439 1016
440 1010
441 1016
442 1010
443 1016
444 1010
445 1016
446 1010
447 1016
448 1010
449 1016
450 1010
451 1016
452 1010
453 1016
454 1010
455 1016
456 1010
457 1016
458 1010
459 1016
460 1010
461 1016
462 1010
463 1016
464 1010
465 1016
466 1010
467 1016
468 1010
469 1016
470 1010
471 1016
472 1010
473 1016
474 1010
475 1016
476 1010
477 1016
478 1010
479 1016
480 1010
481 1016
482 1010
483 1016
484 1010
485 1016
486 1010
487 1016
488 1010
489 1016
490 1010
491 1016
492 1010
493 1016
494 1010
495 1016
496 1010
497 1016
498 1010
499 1016
500 1010
501 1016
502 1010
503 1016
504 1010
505 1016
506 1010
507 1016
508 1010
509 1016
510 1010
511 1016
512 1010
513 1016
514 1010
515 1016
516 1010
517 1016
518 1010
519 1016
520 1010
521 1016
522 1010
523 1016
524 1010
525 1016
526 1010
527 1016
528 1010
529 1016
530 1010
531 1016
532 1010
533 1016
534 1010
535 1016
536 1010
537 1016
538 1010
539 1016
540 1010
541 1016
542 1010
543 1016
544 1010
545 1016
546 1010
547 1016
548 1010
549 1016
550 1010
551 1016
552 1010
553 1016
554 1010
555 1016
556 1010
557 1016
558 1010
559 1016
560 1010
561 1016
562 1010
563 1016
564 1010
565 1016
566 1010
567 1016
568 1010
569 1016
570 1010
571 1016
572 1010
573 1016
574 1010
575 1016
576 1010
577 1016
578 1010
579 1016
580 1010
581 1016
582 1010
583 1016
584 1010
585 1016
586 1010
587 1016
588 1010
589 1016
590 1010
591 1016
592 1010
593 1016
594 1010
595 1016
596 1010
597 1016
598 1010
599 1016
600 1010
601 1016
602 1010
603 1016
604 1010
605 1016
606 1010
607 1016
608 1010
609 1016
610 1010
611 1016
612 1010
613 1016
614 1010
615 1016
616 1010
617 1016
618 1010
619 1016
620 1010
621 1016
622 1010
623 1016
624 1010
625 1016
626 1010
627 1016
628 1010
629 1016
630 1010
631 1016
632 1010
633 1016
634 1010
635 1016
636 1010
637 1016
638 1010
639 1016
640 1010
641 1016
642 1010
643 1016
644 1010
645 1016
646 1010
647 1016
648 1010
649 1016
650 1010
651 1016
652 1010
653 1016
654 1010
655 1016
656 1010
657 1016
658 1010
659 1016
660 1010
661 1016
662 1010
663 1016
664 1010
665 1016
666 1010
667 1016
668 1010
669 1016
670 1010
671 1016
672 1010
673 1016
674 1010
675 1016
676 1010
677 1016
678 1010
679 1016
680 1010
681 1016
682 1010
683 1016
684 1010
685 1016
686 1010
687 1016
688 1010
689 1016
690 1010
691 1016
692 1010
693 1016
694 1010
695 1016
696 1010
697 1016
698 1010
699 1016
700 1010
701 1016
702 1010
703 1016
704 1010
705 1016
706 1010
707 1016
708 1010
709 1016
710 1010
711 1016
712 1010
713 1016
714 1010
715 1016
716 1010
717 1016
718 1010
719 1016
720 1010
721 1016
722 1010
723 1016
724 1010
725 1016
726 1010
727 1016
728 1010
729 1016
730 1010
731 1016
732 1010
733 1016
734 1010
735 1016
736 1010
737 1016
738 1010
739 1016
740 1010
741 1016
742 1010
743 1016
744 1010
745 1016
746 1010
747 1016
748 1010
749 1016
750 1010
751 1016
752 1010
753 1016
754 1010
755 1016
756 1010
757 1016
758 1010
759 1016
760 1010
761 1016
762 1010
763 1016
764 1010
765 1016
766 1010
767 1016
768 1010
769 1016
770 1010
771 1016
772 1010
773 1016
774 1010
775 1016
776 1010
777 1016
778 1010
779 1016
780 1010
781 1016
782 1010
783 1016
784 1010
785 1016
786 1010
787 1016
788 1010
789 1016
790 1010
791 1016
792 1010
793 1016
794 1010
795 1016
796 1010
797 1016
798 1010
799 1016
800 1010
801 1016
802 1010
803 1016
804 1010
805 1016
806 1010
807 1016
808 1010
809 1016
810 1010
811 1016
812 1010
813 1016
814 1010
815 1016
816 1010
817 1016
818 1010
819 1016
820 1010
821 1016
822 1010
823 1016
824 1010
825 1016
826 1010
827 1016
828 1010
829 1016
830 1010
831 1016
832 1010
833 1016
834 1010
835 1016
836 1010
837 1016
838 1010
839 1016
840 1010
841 1016
842 1010
843 1016
844 1010
845 1016
846 1010
847 1016
848 1010
849 1016
850 1010
851 1016
852 1010
853 1016
854 1010
855 1016
856 1010
857 1016
858 1010
859 1016
860 1010
861 1016
862 1010
863 1016
864 1010
865 1016
866 1010
867 1016
868 1010
869 1016
870 1010
871 1016
872 1010
873 1016
874 1010
875 1016
876 1010
877 1016
878 1010
879 1016
880 1010
881 1016
882 1010
883 1016
884 1010
885 1016
886 1010
887 1016
888 1010
889 1016
890 1010
891 1016
892 1010
893 1016
894 1010
895 1016
896 1010
897 1016
898 1010
899 1016
900 1010
901 1016
902 1010
903 1016
904 1010
905 1016
906 1010
907 1016
908 1010
909 1016
910 1010
911 1016
912 1010
913 1016
914 1010
915 1016
916 1010
917 1016
918 1010
919 1016
920 1010
921 1016
922 1010
923 1016
924 1010
925 1016
926 1010
927 1016
928 1010
929 1016
930 1010
931 1016
932 1010
933 1016
934 1010
935 1016
936 1010
937 1016
938 1010
939 1016
940 1010
941 1016
942 1010
943 1016
944 1010
945 1016
946 1010
947 1016
948 1010
949 1016
950 1010
951 1016
952 1010
953 1016
954 1010
955 1016
956 1010
957 1016
958 1010
959 1016
960 1010
961 1016
962 1010
963 1016
964 1010
965 1016
966 1010
967 1016
968 1010
969 1016
970 1010
971 1016
972 1010
973 1016
974 1010
975 1016
976 1010
977 1016
978 1010
979 1016
980 1010
981 1016
982 1010
983 1016
984 1010
985 1016
986 1010
987 1016
988 1010
989 1016
990 1010
991 1016
992 1010
993 1016
994 1010
995 1016
996 1010
997 1016
998 1010
999 1016
1000 1010
1001 1016
