f3_l-d_kp_4_20
35
1 33
2 35
3 33
4 35
5 33
6 35
7 33
8 35
9 33
10 35
11 33
12 35
13 33
14 35
15 33
16 35
17 33
18 35
19 33
20 35
21 33
22 35
23 33
24 35
25 33
26 35
27 33
28 35
29 33
30 35
31 33
32 35
33 33
34 35
35 33
36 35
37 33
38 35
39 33
40 35
41 33
42 35
43 33
44 35
45 33
46 35
47 33
48 35
49 33
50 35
51 33
52 35
53 33
54 35
55 33
56 35
57 33
58 35
59 33
60 35
61 33
62 35
63 33
64 35
65 33
66 35
67 33
68 35
69 33
70 35
71 33
72 35
73 33
74 35
75 33
76 35
77 33
78 35
79 33
80 35
81 33
82 35
83 33
84 35
85 33
86 35
87 33
88 35
89 33
90 35
91 33
92 35
93 33
94 35
95 33
96 35
97 33
98 35
99 33
100 35
101 33
102 35
103 33
104 35
105 33
106 35
107 33
108 35
109 33
110 35
111 33
112 35
113 33
114 35
115 33
116 35
117 33
118 35
119 33
120 35
121 33
122 35
123 33
124 35
125 33
126 35
127 33
128 35
129 33
130 35
131 33
132 35
133 33
134 35
135 33
136 35
137 33
138 35
139 33
140 35
141 33
142 35
143 33
144 35
145 33
146 35
147 33
148 35
149 33
150 35
151 33
152 35
153 33
154 35
155 33
156 35
157 33
158 35
159 33
160 35
161 33
162 35
163 33
164 35
165 33
166 35
167 33
168 35
169 33
170 35
171 33
172 35
173 33
174 35
175 33
176 35
177 33
178 35
179 33
180 35
181 33
182 35
183 33
184 35
185 33
186 35
187 33
188 35
189 33
190 35
191 33
192 35
193 33
194 35
195 33
196 35
197 33
198 35
199 33
200 35
201 33
202 35
203 33
204 35
205 33
206 35
207 33
208 35
209 33
210 35
211 33
212 35
213 33
214 35
215 33
216 35
217 33
218 35
219 33
220 35
221 33
222 35
223 33
224 35
225 33
226 35
227 33
228 35
229 33
230 35
231 33
232 35
233 33
234 35
235 33
236 35
237 33
238 35
239 33
240 35
241 33
242 35
243 33
244 35
245 33
246 35
247 33
248 35
249 33
250 35
251 33
252 35
253 33
254 35
255 33
256 35
257 33
258 35
259 33
260 35
261 33
262 35
263 33
264 35
265 33
266 35
267 33
268 35
269 33
270 35
271 33
272 35
273 33
274 35
275 33
276 35
277 33
278 35
279 33
280 35
281 33
282 35
283 33
284 35
285 33
286 35
287 33
288 35
289 33
290 35
291 33
292 35
293 33
294 35
295 33
296 35
297 33
298 35
299 33
300 35
301 33
302 35
303 33
304 35
305 33
306 35
307 33
308 35
309 33
310 35
311 33
312 35
313 33
314 35
315 33
316 35
317 33
318 35
319 33
320 35
321 33
322 35
323 33
324 35
325 33
326 35
327 33
328 35
329 33
330 35
331 33
332 35
333 33
334 35
335 33
336 35
337 33
338 35
339 33
340 35
341 33
342 35
343 33
344 35
345 33
346 35
347 33
348 35
349 33
350 35
351 33
352 35
353 33
354 35
355 33
356 35
357 33
358 35
359 33
360 35
361 33
362 35
363 33
364 35
365 33
366 35
367 33
368 35
369 33
370 35
371 33
372 35
373 33
374 35
375 33
376 35
377 33
378 35
379 33
380 35
381 33
382 35
383 33
384 35
385 33
386 35
387 33
388 35
389 33
390 35
391 33
392 35
393 33
394 35
395 33
396 35
397 33
398 35
399 33
400 35
401 33
402 35
403 33
404 35
405 33
406 35
407 33
408 35
409 33
410 35
411 33
412 35
413 33
414 35
415 33
416 35
417 33
418 35
419 33
420 35
421 33
422 35
423 33
424 35
425 33
426 35
427 33
428 35
429 33
430 35
431 33
432 35
433 33
434 35
435 33
436 35
437 33
438 35
439 33
440 35
441 33
442 35
443 33
444 35
445 33
446 35
447 33
448 35
449 33
450 35
451 33
452 35
453 33
454 35
455 33
456 35
457 33
458 35
459 33
460 35
461 33
462 35
463 33
464 35
465 33
466 35
467 33
468 35
469 33
470 35
471 33
472 35
473 33
474 35
475 33
476 35
477 33
478 35
479 33
480 35
481 33
482 35
483 33
484 35
485 33
486 35
487 33
488 35
489 33
490 35
491 33
492 35
493 33
494 35
495 33
496 35
497 33
498 35
499 33
500 35
501 33
502 35
503 33
504 35
505 33
506 35
507 33
508 35
509 33
510 35
511 33
512 35
513 33
514 35
515 33
516 35
517 33
518 35
519 33
520 35
521 33
522 35
523 33
524 35
525 33
526 35
527 33
528 35
529 33
530 35
531 33
532 35
533 33
534 35
535 33
536 35
537 33
538 35
539 33
540 35
541 33
542 35
543 33
544 35
545 33
546 35
547 33
548 35
549 33
550 35
551 33
552 35
553 33
554 35
555 33
556 35
557 33
558 35
559 33
560 35
561 33
562 35
563 33
564 35
565 33
566 35
567 33
568 35
569 33
570 35
571 33
572 35
573 33
574 35
575 33
576 35
577 33
578 35
579 33
580 35
581 33
582 35
583 33
584 35
585 33
586 35
587 33
588 35
589 33
590 35
591 33
592 35
593 33
594 35
595 33
596 35
597 33
598 35
599 33
600 35
601 33
602 35
603 33
604 35
605 33
606 35
607 33
608 35
609 33
610 35
611 33
612 35
613 33
614 35
615 33
616 35
617 33
618 35
619 33
620 35
621 33
622 35
623 33
624 35
625 33
626 35
627 33
628 35
629 33
630 35
631 33
632 35
633 33
634 35
635 33
636 35
637 33
638 35
639 33
640 35
641 33
642 35
643 33
644 35
645 33
646 35
647 33
648 35
649 33
650 35
651 33
652 35
653 33
654 35
655 33
656 35
657 33
658 35
659 33
660 35
661 33
662 35
663 33
664 35
665 33
666 35
667 33
668 35
669 33
670 35
671 33
672 35
673 33
674 35
675 33
676 35
677 33
678 35
679 33
680 35
681 33
682 35
683 33
684 35
685 33
686 35
687 33
688 35
689 33
690 35
691 33
692 35
693 33
694 35
695 33
696 35
697 33
698 35
699 33
700 35
701 33
702 35
703 33
704 35
705 33
706 35
707 33
708 35
709 33
710 35
711 33
712 35
713 33
714 35
715 33
716 35
717 33
718 35
719 33
720 35
721 33
722 35
723 33
724 35
725 33
726 35
727 33
728 35
729 33
730 35
731 33
732 35
733 33
734 35
735 33
736 35
737 33
738 35
739 33
740 35
741 33
742 35
743 33
744 35
745 33
746 35
747 33
748 35
749 33
750 35
751 33
752 35
753 33
754 35
755 33
756 35
757 33
758 35
759 33
760 35
761 33
762 35
763 33
764 35
765 33
766 35
767 33
768 35
769 33
770 35
771 33
772 35
773 33
774 35
775 33
776 35
777 33
778 35
779 33
780 35
781 33
782 35
783 33
784 35
785 33
786 35
787 33
788 35
789 33
790 35
791 33
792 35
793 33
794 35
795 33
796 35
797 33
798 35
799 33
800 35
801 33
802 35
803 33
804 35
805 33
806 35
807 33
808 35
809 33
810 35
811 33
812 35
813 33
814 35
815 33
816 35
817 33
818 35
819 33
820 35
821 33
822 35
823 33
824 35
825 33
826 35
827 33
828 35
829 33
830 35
831 33
832 35
833 33
834 35
835 33
836 35
837 33
838 35
839 33
840 35
841 33
842 35
843 33
844 35
845 33
846 35
847 33
848 35
849 33
850 35
851 33
852 35
853 33
854 35
855 33
856 35
857 33
858 35
859 33
860 35
861 33
862 35
863 33
864 35
865 33
866 35
867 33
868 35
869 33
870 35
871 33
872 35
873 33
874 35
875 33
876 35
877 33
878 35
879 33
880 35
881 33
882 35
883 33
884 35
885 33
886 35
887 33
888 35
889 33
890 35
891 33
892 35
893 33
894 35
895 33
896 35
897 33
898 35
899 33
900 35
901 33
902 35
903 33
904 35
905 33
906 35
907 33
908 35
909 33
910 35
911 33
912 35
913 33
914 35
915 33
916 35
917 33
918 35
919 33
920 35
921 33
922 35
923 33
924 35
925 33
926 35
927 33
928 35
929 33
930 35
931 33
932 35
933 33
934 35
935 33
936 35
937 33
938 35
939 33
940 35
941 33
942 35
943 33
944 35
945 33
946 35
947 33
948 35
949 33
950 35
951 33
952 35
953 33
954 35
955 33
956 35
957 33
958 35
959 33
960 35
961 33
962 35
963 33
964 35
965 33
966 35
967 33
968 35
969 33
970 35
971 33
972 35
973 33
974 35
975 33
976 35
977 33
978 35
979 33
980 35
981 33
982 35
983 33
984 35
985 33
986 35
987 33
988 35
989 33
990 35
991 33
992 35
993 33
994 35
995 33
996 35
997 33
998 35
999 33
1000 35
1001 33
