f4_l-d_kp_4_11
23
1 22
2 23
3 19
4 23
5 22
6 23
7 22
8 23
9 22
10 23
11 22
12 23
13 22
14 23
15 22
16 23
17 22
18 18
19 22
20 23
21 22
22 23
23 22
24 23
25 22
26 23
27 22
28 23
29 22
30 23
31 22
32 23
33 19
34 23
35 22
36 23
37 22
38 23
39 22
40 23
41 22
42 23
43 22
44 23
45 22
46 23
47 22
48 18
49 22
50 23
51 22
52 23
53 22
54 23
55 22
56 23
57 22
58 23
59 22
60 23
61 22
62 23
63 19
64 23
65 22
66 23
67 22
68 23
69 22
70 23
71 22
72 23
73 22
74 23
75 22
76 23
77 22
78 18
79 22
80 23
81 22
82 23
83 22
84 23
85 22
86 23
87 22
88 23
89 22
90 23
91 22
92 23
93 19
94 23
95 22
96 23
97 22
98 23
99 22
100 23
101 22
102 23
103 22
104 23
105 22
106 23
107 22
108 18
109 22
110 23
111 22
112 23
113 22
114 23
115 22
116 23
117 22
118 23
119 22
120 23
121 22
122 23
123 19
124 23
125 22
126 23
127 22
128 23
129 22
130 23
131 22
132 23
133 22
134 23
135 22
136 23
137 22
138 18
139 22
140 23
141 22
142 23
143 22
144 23
145 22
146 23
147 22
148 23
149 22
150 23
151 22
152 23
153 19
154 23
155 22
156 23
157 22
158 23
159 22
160 23
161 22
162 23
163 22
164 23
165 22
166 23
167 22
168 18
169 22
170 23
171 22
172 23
173 22
174 23
175 22
176 23
177 22
178 23
179 22
180 23
181 22
182 23
183 19
184 23
185 22
186 23
187 22
188 23
189 22
190 23
191 22
192 23
193 22
194 23
195 22
196 23
197 22
198 18
199 22
200 23
201 22
202 23
203 22
204 23
205 22
206 23
207 22
208 23
209 22
210 23
211 22
212 23
213 19
214 23
215 22
216 23
217 22
218 23
219 22
220 23
221 22
222 23
223 22
224 23
225 22
226 23
227 22
228 18
229 22
230 23
231 22
232 23
233 22
234 23
235 22
236 23
237 22
238 23
239 22
240 23
241 22
242 23
243 19
244 23
245 22
246 23
247 22
248 23
249 22
250 23
251 22
252 23
253 22
254 23
255 22
256 23
257 22
258 18
259 22
260 23
261 22
262 23
263 22
264 23
265 22
266 23
267 22
268 23
269 22
270 23
271 22
272 23
273 19
274 23
275 22
276 23
277 22
278 23
279 22
280 23
281 22
282 23
283 22
284 23
285 22
286 23
287 22
288 18
289 22
290 23
291 22
292 23
293 22
294 23
295 22
296 23
297 22
298 23
299 22
300 23
301 22
302 23
303 19
304 23
305 22
306 23
307 22
308 23
309 22
310 23
311 22
312 23
313 22
314 23
315 22
316 23
317 22
318 18
319 22
320 23
321 22
322 23
323 22
324 23
325 22
326 23
327 22
328 23
329 22
330 23
331 22
332 23
333 19
334 23
335 22
336 23
337 22
338 23
339 22
340 23
341 22
342 23
343 22
344 23
345 22
346 23
347 22
348 18
349 22
350 23
351 22
352 23
353 22
354 23
355 22
356 23
357 22
358 23
359 22
360 23
361 22
362 23
363 19
364 23
365 22
366 23
367 22
368 23
369 22
370 23
371 22
372 23
373 22
374 23
375 22
376 23
377 22
378 18
379 22
380 23
381 22
382 23
383 22
384 23
385 22
386 23
387 22
388 23
389 22
390 23
391 22
392 23
393 19
394 23
395 22
396 23
397 22
398 23
399 22
400 23
401 22
402 23
403 22
404 23
405 22
406 23
407 22
408 18
409 22
410 23
411 22
412 23
413 22
414 23
415 22
416 23
417 22
418 23
419 22
420 23
421 22
422 23
423 19
424 23
425 22
426 23
427 22
428 23
429 22
430 23
431 22
432 23
433 22
434 23
435 22
436 23
437 22
438 18
439 22
440 23
441 22
442 23
443 22
444 23
445 22
446 23
447 22
448 23
449 22
450 23
451 22
452 23
453 19
454 23
455 22
456 23
457 22
458 23
459 22
460 23
461 22
462 23
463 22
464 23
465 22
466 23
467 22
468 18
469 22
470 23
471 22
472 23
473 22
474 23
475 22
476 23
477 22
478 23
479 22
480 23
481 22
482 23
483 19
484 23
485 22
486 23
487 22
488 23
489 22
490 23
491 22
492 23
493 22
494 23
495 22
496 23
497 22
498 18
499 22
500 23
501 22
502 23
503 22
504 23
505 22
506 23
507 22
508 23
509 22
510 23
511 22
512 23
513 19
514 23
515 22
516 23
517 22
518 23
519 22
520 23
521 22
522 23
523 22
524 23
525 22
526 23
527 22
528 18
529 22
530 23
531 22
532 23
533 22
534 23
535 22
536 23
537 22
538 23
539 22
540 23
541 22
542 23
543 19
544 23
545 22
546 23
547 22
548 23
549 22
550 23
551 22
552 23
553 22
554 23
555 22
556 23
557 22
558 18
559 22
560 23
561 22
562 23
563 22
564 23
565 22
566 23
567 22
568 23
569 22
570 23
571 22
572 23
573 19
574 23
575 22
576 23
577 22
578 23
579 22
580 23
581 22
582 23
583 22
584 23
585 22
586 23
587 22
588 18
589 22
590 23
591 22
592 23
593 22
594 23
595 22
596 23
597 22
598 23
599 22
600 23
601 22
602 23
603 19
604 23
605 22
606 23
607 22
608 23
609 22
610 23
611 22
612 23
613 22
614 23
615 22
616 23
617 22
618 18
619 22
620 23
621 22
622 23
623 22
624 23
625 22
626 23
627 22
628 23
629 22
630 23
631 22
632 23
633 19
634 23
635 22
636 23
637 22
638 23
639 22
640 23
641 22
642 23
643 22
644 23
645 22
646 23
647 22
648 18
649 22
650 23
651 22
652 23
653 22
654 23
655 22
656 23
657 22
658 23
659 22
660 23
661 22
662 23
663 19
664 23
665 22
666 23
667 22
668 23
669 22
670 23
671 22
672 23
673 22
674 23
675 22
676 23
677 22
678 18
679 22
680 23
681 22
682 23
683 22
684 23
685 22
686 23
687 22
688 23
689 22
690 23
691 22
692 23
693 19
694 23
695 22
696 23
697 22
698 23
699 22
700 23
701 22
702 23
703 22
704 23
705 22
706 23
707 22
708 18
709 22
710 23
711 22
712 23
713 22
714 23
715 22
716 23
717 22
718 23
719 22
720 23
721 22
722 23
723 19
724 23
725 22
726 23
727 22
728 23
729 22
730 23
731 22
732 23
733 22
734 23
735 22
736 23
737 22
738 18
739 22
740 23
741 22
742 23
743 22
744 23
745 22
746 23
747 22
748 23
749 22
750 23
751 22
752 23
753 19
754 23
755 22
756 23
757 22
758 23
759 22
760 23
761 22
762 23
763 22
764 23
765 22
766 23
767 22
768 18
769 22
770 23
771 22
772 23
773 22
774 23
775 22
776 23
777 22
778 23
779 22
780 23
781 22
782 23
783 19
784 23
785 22
786 23
787 22
788 23
789 22
790 23
791 22
792 23
793 22
794 23
795 22
796 23
797 22
798 18
799 22
800 23
801 22
802 23
803 22
804 23
805 22
806 23
807 22
808 23
809 22
810 23
811 22
812 23
813 19
814 23
815 22
816 23
817 22
818 23
819 22
820 23
821 22
822 23
823 22
824 23
825 22
826 23
827 22
828 18
829 22
830 23
831 22
832 23
833 22
834 23
835 22
836 23
837 22
838 23
839 22
840 23
841 22
842 23
843 19
844 23
845 22
846 23
847 22
848 23
849 22
850 23
851 22
852 23
853 22
854 23
855 22
856 23
857 22
858 18
859 22
860 23
861 22
862 23
863 22
864 23
865 22
866 23
867 22
868 23
869 22
870 23
871 22
872 23
873 19
874 23
875 22
876 23
877 22
878 23
879 22
880 23
881 22
882 23
883 22
884 23
885 22
886 23
887 22
888 18
889 22
890 23
891 22
892 23
893 22
894 23
895 22
896 23
897 22
898 23
899 22
900 23
901 22
902 23
903 19
904 23
905 22
906 23
907 22
908 23
909 22
910 23
911 22
912 23
913 22
914 23
915 22
916 23
917 22
918 18
919 22
920 23
921 22
922 23
923 22
924 23
925 22
926 23
927 22
928 23
929 22
930 23
931 22
932 23
933 19
934 23
935 22
936 23
937 22
938 23
939 22
940 23
941 22
942 23
943 22
944 23
945 22
946 23
947 22
948 18
949 22
950 23
951 22
952 23
953 22
954 23
955 22
956 23
957 22
958 23
959 22
960 23
961 22
962 23
963 19
964 23
965 22
966 23
967 22
968 23
969 22
970 23
971 22
972 23
973 22
974 23
975 22
976 23
977 22
978 18
979 22
980 23
981 22
982 23
983 22
984 23
985 22
986 23
987 22
988 23
989 22
990 23
991 22
992 23
993 19
994 23
995 22
996 23
997 22
998 23
999 22
1000 23
1001 22
