f5_l-d_kp_15_375
481.069
1 318.268
2 383.142
3 432.502
4 466.338
5 469.161
6 466.338
7 469.161
8 466.338
9 469.161
10 466.338
11 469.161
12 466.338
13 469.161
14 466.338
15 469.161
16 466.338
17 469.161
18 466.338
19 469.161
20 466.338
21 469.161
22 466.338
23 469.161
24 466.338
25 469.161
26 466.338
27 469.161
28 466.338
29 469.161
30 466.338
31 469.161
32 466.338
33 469.161
34 466.338
35 469.161
36 466.338
37 469.161
38 466.338
39 469.161
40 466.338
41 469.161
42 466.338
43 469.161
44 466.338
45 469.161
46 466.338
47 469.161
48 466.338
49 469.161
50 466.338
51 469.161
52 466.338
53 469.161
54 466.338
55 469.161
56 466.338
57 469.161
58 466.338
59 469.161
60 466.338
61 469.161
62 466.338
63 469.161
64 466.338
65 469.161
66 466.338
67 469.161
68 466.338
69 469.161
70 466.338
71 469.161
72 466.338
73 469.161
74 466.338
75 469.161
76 466.338
77 469.161
78 466.338
79 469.161
80 466.338
81 469.161
82 466.338
83 469.161
84 466.338
85 469.161
86 466.338
87 469.161
88 466.338
89 469.161
90 466.338
91 469.161
92 466.338
93 469.161
94 466.338
95 469.161
96 466.338
97 469.161
98 466.338
99 469.161
100 466.338
101 469.161
102 466.338
103 469.161
104 466.338
105 469.161
106 466.338
107 469.161
108 466.338
109 469.161
110 466.338
111 469.161
112 466.338
113 469.161
114 466.338
115 469.161
116 466.338
117 469.161
118 466.338
119 469.161
120 466.338
121 469.161
122 466.338
123 469.161
124 466.338
125 469.161
126 466.338
127 469.161
128 466.338
129 469.161
130 466.338
131 469.161
132 466.338
133 469.161
134 466.338
135 469.161
136 466.338
137 469.161
138 466.338
139 469.161
140 466.338
141 469.161
142 466.338
143 469.161
144 466.338
145 469.161
146 466.338
147 469.161
148 466.338
149 469.161
150 466.338
151 469.161
152 466.338
153 469.161
154 466.338
155 469.161
156 466.338
157 469.161
158 466.338
159 469.161
160 466.338
161 469.161
162 466.338
163 469.161
164 466.338
165 469.161
166 466.338
167 469.161
168 466.338
169 469.161
170 466.338
171 469.161
172 466.338
173 469.161
174 466.338
175 469.161
176 466.338
177 469.161
178 466.338
179 469.161
180 466.338
181 469.161
182 466.338
183 469.161
184 466.338
185 469.161
186 466.338
187 469.161
188 466.338
189 469.161
190 466.338
191 469.161
192 466.338
193 469.161
194 466.338
195 469.161
196 466.338
197 469.161
198 466.338
199 469.161
200 466.338
201 469.161
202 466.338
203 469.161
204 466.338
205 469.161
206 466.338
207 469.161
208 466.338
209 469.161
210 466.338
211 469.161
212 466.338
213 469.161
214 466.338
215 469.161
216 466.338
217 469.161
218 466.338
219 469.161
220 466.338
221 469.161
222 466.338
223 469.161
224 466.338
225 469.161
226 466.338
227 469.161
228 466.338
229 469.161
230 466.338
231 469.161
232 466.338
233 469.161
234 466.338
235 469.161
236 466.338
237 469.161
238 466.338
239 469.161
240 466.338
241 469.161
242 466.338
243 469.161
244 466.338
245 469.161
246 466.338
247 469.161
248 466.338
249 469.161
250 466.338
251 469.161
252 466.338
253 469.161
254 466.338
255 469.161
256 466.338
257 469.161
258 466.338
259 469.161
260 466.338
261 469.161
262 466.338
263 469.161
264 466.338
265 469.161
266 466.338
267 469.161
268 466.338
269 469.161
270 466.338
271 469.161
272 466.338
273 469.161
274 466.338
275 469.161
276 466.338
277 469.161
278 466.338
279 469.161
280 466.338
281 469.161
282 466.338
283 469.161
284 466.338
285 469.161
286 466.338
287 469.161
288 466.338
289 469.161
290 466.338
291 469.161
292 466.338
293 469.161
294 466.338
295 469.161
296 466.338
297 469.161
298 466.338
299 469.161
300 466.338
301 469.161
302 466.338
303 469.161
304 466.338
305 469.161
306 466.338
307 469.161
308 466.338
309 469.161
310 466.338
311 469.161
312 466.338
313 469.161
314 466.338
315 469.161
316 466.338
317 469.161
318 466.338
319 469.161
320 466.338
321 469.161
322 466.338
323 469.161
324 466.338
325 469.161
326 466.338
327 469.161
328 466.338
329 469.161
330 466.338
331 469.161
332 466.338
333 469.161
334 466.338
335 469.161
336 466.338
337 469.161
338 466.338
339 469.161
340 466.338
341 469.161
342 466.338
343 469.161
344 466.338
345 469.161
346 466.338
347 469.161
348 466.338
349 469.161
350 466.338
351 469.161
352 466.338
353 469.161
354 466.338
355 469.161
356 466.338
357 469.161
358 466.338
359 469.161
360 466.338
361 469.161
362 466.338
363 469.161
364 466.338
365 469.161
366 466.338
367 469.161
368 466.338
369 469.161
370 466.338
371 469.161
372 466.338
373 469.161
374 466.338
375 469.161
376 466.338
377 469.161
378 466.338
379 469.161
380 466.338
381 469.161
382 466.338
383 469.161
384 466.338
385 469.161
386 466.338
387 469.161
388 466.338
389 469.161
390 466.338
391 469.161
392 466.338
393 469.161
394 466.338
395 469.161
396 466.338
397 469.161
398 466.338
399 469.161
400 466.338
401 469.161
402 466.338
403 469.161
404 466.338
405 469.161
406 466.338
407 469.161
408 466.338
409 469.161
410 466.338
411 469.161
412 466.338
413 469.161
414 466.338
415 469.161
416 466.338
417 469.161
418 466.338
419 469.161
420 466.338
421 469.161
422 466.338
423 469.161
424 466.338
425 469.161
426 466.338
427 469.161
428 466.338
429 469.161
430 466.338
431 469.161
432 466.338
433 469.161
434 466.338
435 469.161
436 466.338
437 469.161
438 466.338
439 469.161
440 466.338
441 469.161
442 466.338
443 469.161
444 466.338
445 469.161
446 466.338
447 469.161
448 466.338
449 469.161
450 466.338
451 469.161
452 466.338
453 469.161
454 466.338
455 469.161
456 466.338
457 469.161
458 466.338
459 469.161
460 466.338
461 469.161
462 466.338
463 469.161
464 466.338
465 469.161
466 466.338
467 469.161
468 466.338
469 469.161
470 466.338
471 469.161
472 466.338
473 469.161
474 466.338
475 469.161
476 466.338
477 469.161
478 466.338
479 469.161
480 466.338
481 469.161
482 466.338
483 469.161
484 466.338
485 469.161
486 466.338
487 469.161
488 466.338
489 469.161
490 466.338
491 469.161
492 466.338
493 469.161
494 466.338
495 469.161
496 466.338
497 469.161
498 466.338
499 469.161
500 466.338
501 469.161
502 466.338
503 469.161
504 466.338
505 469.161
506 466.338
507 469.161
508 466.338
509 469.161
510 466.338
511 469.161
512 466.338
513 469.161
514 466.338
515 469.161
516 466.338
517 469.161
518 466.338
519 469.161
520 466.338
521 469.161
522 466.338
523 469.161
524 466.338
525 469.161
526 466.338
527 469.161
528 466.338
529 469.161
530 466.338
531 469.161
532 466.338
533 469.161
534 466.338
535 469.161
536 466.338
537 469.161
538 466.338
539 469.161
540 466.338
541 469.161
542 466.338
543 469.161
544 466.338
545 469.161
546 466.338
547 469.161
548 466.338
549 469.161
550 466.338
551 469.161
552 466.338
553 469.161
554 466.338
555 469.161
556 466.338
557 469.161
558 466.338
559 469.161
560 466.338
561 469.161
562 466.338
563 469.161
564 466.338
565 469.161
566 466.338
567 469.161
568 466.338
569 469.161
570 466.338
571 469.161
572 466.338
573 469.161
574 466.338
575 469.161
576 466.338
577 469.161
578 466.338
579 469.161
580 466.338
581 469.161
582 466.338
583 469.161
584 466.338
585 469.161
586 466.338
587 469.161
588 466.338
589 469.161
590 466.338
591 469.161
592 466.338
593 469.161
594 466.338
595 469.161
596 466.338
597 469.161
598 466.338
599 469.161
600 466.338
601 469.161
602 466.338
603 469.161
604 466.338
605 469.161
606 466.338
607 469.161
608 466.338
609 469.161
610 466.338
611 469.161
612 466.338
613 469.161
614 466.338
615 469.161
616 466.338
617 469.161
618 466.338
619 469.161
620 466.338
621 469.161
622 466.338
623 469.161
624 466.338
625 469.161
626 466.338
627 469.161
628 466.338
629 469.161
630 466.338
631 469.161
632 466.338
633 469.161
634 466.338
635 469.161
636 466.338
637 469.161
638 466.338
639 469.161
640 466.338
641 469.161
642 466.338
643 469.161
644 466.338
645 469.161
646 466.338
647 469.161
648 466.338
649 469.161
650 466.338
651 469.161
652 466.338
653 469.161
654 466.338
655 469.161
656 466.338
657 469.161
658 466.338
659 469.161
660 466.338
661 469.161
662 466.338
663 469.161
664 466.338
665 469.161
666 466.338
667 469.161
668 466.338
669 469.161
670 466.338
671 469.161
672 466.338
673 469.161
674 466.338
675 469.161
676 466.338
677 469.161
678 466.338
679 469.161
680 466.338
681 469.161
682 466.338
683 469.161
684 466.338
685 469.161
686 466.338
687 469.161
688 466.338
689 469.161
690 466.338
691 469.161
692 466.338
693 469.161
694 466.338
695 469.161
696 466.338
697 469.161
698 466.338
699 469.161
700 466.338
701 469.161
702 466.338
703 469.161
704 466.338
705 469.161
706 466.338
707 469.161
708 466.338
709 469.161
710 466.338
711 469.161
712 466.338
713 469.161
714 466.338
715 469.161
716 466.338
717 469.161
718 466.338
719 469.161
720 466.338
721 469.161
722 466.338
723 469.161
724 466.338
725 469.161
726 466.338
727 469.161
728 466.338
729 469.161
730 466.338
731 469.161
732 466.338
733 469.161
734 466.338
735 469.161
736 466.338
737 469.161
738 466.338
739 469.161
740 466.338
741 469.161
742 466.338
743 469.161
744 466.338
745 469.161
746 466.338
747 469.161
748 466.338
749 469.161
750 466.338
751 469.161
752 466.338
753 469.161
754 466.338
755 469.161
756 466.338
757 469.161
758 466.338
759 469.161
760 466.338
761 469.161
762 466.338
763 469.161
764 466.338
765 469.161
766 466.338
767 469.161
768 466.338
769 469.161
770 466.338
771 469.161
772 466.338
773 469.161
774 466.338
775 469.161
776 466.338
777 469.161
778 466.338
779 469.161
780 466.338
781 469.161
782 466.338
783 469.161
784 466.338
785 469.161
786 466.338
787 469.161
788 466.338
789 469.161
790 466.338
791 469.161
792 466.338
793 469.161
794 466.338
795 469.161
796 466.338
797 469.161
798 466.338
799 469.161
800 466.338
801 469.161
802 466.338
803 469.161
804 466.338
805 469.161
806 466.338
807 469.161
808 466.338
809 469.161
810 466.338
811 469.161
812 466.338
813 469.161
814 466.338
815 469.161
816 466.338
817 469.161
818 466.338
819 469.161
820 466.338
821 469.161
822 466.338
823 469.161
824 466.338
825 469.161
826 466.338
827 469.161
828 466.338
829 469.161
830 466.338
831 469.161
832 466.338
833 469.161
834 466.338
835 469.161
836 466.338
837 469.161
838 466.338
839 469.161
840 466.338
841 469.161
842 466.338
843 469.161
844 466.338
845 469.161
846 466.338
847 469.161
848 466.338
849 469.161
850 466.338
851 469.161
852 466.338
853 469.161
854 466.338
855 469.161
856 466.338
857 469.161
858 466.338
859 469.161
860 466.338
861 469.161
862 466.338
863 469.161
864 466.338
865 469.161
866 466.338
867 469.161
868 466.338
869 469.161
870 466.338
871 469.161
872 466.338
873 469.161
874 466.338
875 469.161
876 466.338
877 469.161
878 466.338
879 469.161
880 466.338
881 469.161
882 466.338
883 469.161
884 466.338
885 469.161
886 466.338
887 469.161
888 466.338
889 469.161
890 466.338
891 469.161
892 466.338
893 469.161
894 466.338
895 469.161
896 466.338
897 469.161
898 466.338
899 469.161
900 466.338
901 469.161
902 466.338
903 469.161
904 466.338
905 469.161
906 466.338
907 469.161
908 466.338
909 469.161
910 466.338
911 469.161
912 466.338
913 469.161
914 466.338
915 469.161
916 466.338
917 469.161
918 466.338
919 469.161
920 466.338
921 469.161
922 466.338
923 469.161
924 466.338
925 469.161
926 466.338
927 469.161
928 466.338
929 469.161
930 466.338
931 469.161
932 466.338
933 469.161
934 466.338
935 469.161
936 466.338
937 469.161
938 466.338
939 469.161
940 466.338
941 469.161
942 466.338
943 469.161
944 466.338
945 469.161
946 466.338
947 469.161
948 466.338
949 469.161
950 466.338
951 469.161
952 466.338
953 469.161
954 466.338
955 469.161
956 466.338
957 469.161
958 466.338
959 469.161
960 466.338
961 469.161
962 466.338
963 469.161
964 466.338
965 469.161
966 466.338
967 469.161
968 466.338
969 469.161
970 466.338
971 469.161
972 466.338
973 469.161
974 466.338
975 469.161
976 466.338
977 469.161
978 466.338
979 469.161
980 466.338
981 469.161
982 466.338
983 469.161
984 466.338
985 469.161
986 466.338
987 469.161
988 466.338
989 469.161
990 466.338
991 469.161
992 466.338
993 469.161
994 466.338
995 469.161
996 466.338
997 469.161
998 466.338
999 469.161
1000 466.338
1001 469.161
