f7_l-d_kp_7_50
107
1 105
2 102
3 105
4 102
5 105
6 102
7 105
8 102
9 105
10 102
11 105
12 102
13 105
14 102
15 105
16 102
17 105
18 102
19 105
20 102
21 105
22 102
23 105
24 102
25 105
26 102
27 105
28 102
29 105
30 102
31 105
32 102
33 105
34 102
35 105
36 102
37 105
38 102
39 105
40 102
41 105
42 102
43 105
44 102
45 105
46 102
47 105
48 102
49 105
50 102
51 105
52 102
53 105
54 102
55 105
56 102
57 105
58 102
59 105
60 102
61 105
62 102
63 105
64 102
65 105
66 102
67 105
68 102
69 105
70 102
71 105
72 102
73 105
74 102
75 105
76 102
77 105
78 102
79 105
80 102
81 105
82 102
83 105
84 102
85 105
86 102
87 105
88 102
89 105
90 102
91 105
92 102
93 105
94 102
95 105
96 102
97 105
98 102
99 105
100 102
101 105
102 102
103 105
104 102
105 105
106 102
107 105
108 102
109 105
110 102
111 105
112 102
113 105
114 102
115 105
116 102
117 105
118 102
119 105
120 102
121 105
122 102
123 105
124 102
125 105
126 102
127 105
128 102
129 105
130 102
131 105
132 102
133 105
134 102
135 105
136 102
137 105
138 102
139 105
140 102
141 105
142 102
143 105
144 102
145 105
146 102
147 105
148 102
149 105
150 102
151 105
152 102
153 105
154 102
155 105
156 102
157 105
158 102
159 105
160 102
161 105
162 102
163 105
164 102
165 105
166 102
167 105
168 102
169 105
170 102
171 105
172 102
173 105
174 102
175 105
176 102
177 105
178 102
179 105
180 102
181 105
182 102
183 105
184 102
185 105
186 102
187 105
188 102
189 105
190 102
191 105
192 102
193 105
194 102
195 105
196 102
197 105
198 102
199 105
200 102
201 105
202 102
203 105
204 102
205 105
206 102
207 105
208 102
209 105
210 102
211 105
212 102
213 105
214 102
215 105
216 102
217 105
218 102
219 105
220 102
221 105
222 102
223 105
224 102
225 105
226 102
227 105
228 102
229 105
230 102
231 105
232 102
233 105
234 102
235 105
236 102
237 105
238 102
239 105
240 102
241 105
242 102
243 105
244 102
245 105
246 102
247 105
248 102
249 105
250 102
251 105
252 102
253 105
254 102
255 105
256 102
257 105
258 102
259 105
260 102
261 105
262 102
263 105
264 102
265 105
266 102
267 105
268 102
269 105
270 102
271 105
272 102
273 105
274 102
275 105
276 102
277 105
278 102
279 105
280 102
281 105
282 102
283 105
284 102
285 105
286 102
287 105
288 102
289 105
290 102
291 105
292 102
293 105
294 102
295 105
296 102
297 105
298 102
299 105
300 102
301 105
302 102
303 105
304 102
305 105
306 102
307 105
308 102
309 105
310 102
311 105
312 102
313 105
314 102
315 105
316 102
317 105
318 102
319 105
320 102
321 105
322 102
323 105
324 102
325 105
326 102
327 105
328 102
329 105
330 102
331 105
332 102
333 105
334 102
335 105
336 102
337 105
338 102
339 105
340 102
341 105
342 102
343 105
344 102
345 105
346 102
347 105
348 102
349 105
350 102
351 105
352 102
353 105
354 102
355 105
356 102
357 105
358 102
359 105
360 102
361 105
362 102
363 105
364 102
365 105
366 102
367 105
368 102
369 105
370 102
371 105
372 102
373 105
374 102
375 105
376 102
377 105
378 102
379 105
380 102
381 105
382 102
383 105
384 102
385 105
386 102
387 105
388 102
389 105
390 102
391 105
392 102
393 105
394 102
395 105
396 102
397 105
398 102
399 105
400 102
401 105
402 102
403 105
404 102
405 105
406 102
407 105
408 102
409 105
410 102
411 105
412 102
413 105
414 102
415 105
416 102
417 105
418 102
419 105
420 102
421 105
422 102
423 105
424 102
425 105
426 102
427 105
428 102
429 105
430 102
431 105
432 102
433 105
434 102
435 105
436 102
437 105
438 102
439 105
440 102
441 105
442 102
443 105
444 102
445 105
446 102
447 105
448 102
449 105
450 102
451 105
452 102
453 105
454 102
455 105
456 102
457 105
458 102
459 105
460 102
461 105
462 102
463 105
464 102
465 105
466 102
467 105
468 102
469 105
470 102
471 105
472 102
473 105
474 102
475 105
476 102
477 105
478 102
479 105
480 102
481 105
482 102
483 105
484 102
485 105
486 102
487 105
488 102
489 105
490 102
491 105
492 102
493 105
494 102
495 105
496 102
497 105
498 102
499 105
500 102
501 105
502 102
503 105
504 102
505 105
506 102
507 105
508 102
509 105
510 102
511 105
512 102
513 105
514 102
515 105
516 102
517 105
518 102
519 105
520 102
521 105
522 102
523 105
524 102
525 105
526 102
527 105
528 102
529 105
530 102
531 105
532 102
533 105
534 102
535 105
536 102
537 105
538 102
539 105
540 102
541 105
542 102
543 105
544 102
545 105
546 102
547 105
548 102
549 105
550 102
551 105
552 102
553 105
554 102
555 105
556 102
557 105
558 102
559 105
560 102
561 105
562 102
563 105
564 102
565 105
566 102
567 105
568 102
569 105
570 102
571 105
572 102
573 105
574 102
575 105
576 102
577 105
578 102
579 105
580 102
581 105
582 102
583 105
584 102
585 105
586 102
587 105
588 102
589 105
590 102
591 105
592 102
593 105
594 102
595 105
596 102
597 105
598 102
599 105
600 102
601 105
602 102
603 105
604 102
605 105
606 102
607 105
608 102
609 105
610 102
611 105
612 102
613 105
614 102
615 105
616 102
617 105
618 102
619 105
620 102
621 105
622 102
623 105
624 102
625 105
626 102
627 105
628 102
629 105
630 102
631 105
632 102
633 105
634 102
635 105
636 102
637 105
638 102
639 105
640 102
641 105
642 102
643 105
644 102
645 105
646 102
647 105
648 102
649 105
650 102
651 105
652 102
653 105
654 102
655 105
656 102
657 105
658 102
659 105
660 102
661 105
662 102
663 105
664 102
665 105
666 102
667 105
668 102
669 105
670 102
671 105
672 102
673 105
674 102
675 105
676 102
677 105
678 102
679 105
680 102
681 105
682 102
683 105
684 102
685 105
686 102
687 105
688 102
689 105
690 102
691 105
692 102
693 105
694 102
695 105
696 102
697 105
698 102
699 105
700 102
701 105
702 102
703 105
704 102
705 105
706 102
707 105
708 102
709 105
710 102
711 105
712 102
713 105
714 102
715 105
716 102
717 105
718 102
719 105
720 102
721 105
722 102
723 105
724 102
725 105
726 102
727 105
728 102
729 105
730 102
731 105
732 102
733 105
734 102
735 105
736 102
737 105
738 102
739 105
740 102
741 105
742 102
743 105
744 102
745 105
746 102
747 105
748 102
749 105
750 102
751 105
752 102
753 105
754 102
755 105
756 102
757 105
758 102
759 105
760 102
761 105
762 102
763 105
764 102
765 105
766 102
767 105
768 102
769 105
770 102
771 105
772 102
773 105
774 102
775 105
776 102
777 105
778 102
779 105
780 102
781 105
782 102
783 105
784 102
785 105
786 102
787 105
788 102
789 105
790 102
791 105
792 102
793 105
794 102
795 105
796 102
797 105
798 102
799 105
800 102
801 105
802 102
803 105
804 102
805 105
806 102
807 105
808 102
809 105
810 102
811 105
812 102
813 105
814 102
815 105
816 102
817 105
818 102
819 105
820 102
821 105
822 102
823 105
824 102
825 105
826 102
827 105
828 102
829 105
830 102
831 105
832 102
833 105
834 102
835 105
836 102
837 105
838 102
839 105
840 102
841 105
842 102
843 105
844 102
845 105
846 102
847 105
848 102
849 105
850 102
851 105
852 102
853 105
854 102
855 105
856 102
857 105
858 102
859 105
860 102
861 105
862 102
863 105
864 102
865 105
866 102
867 105
868 102
869 105
870 102
871 105
872 102
873 105
874 102
875 105
876 102
877 105
878 102
879 105
880 102
881 105
882 102
883 105
884 102
885 105
886 102
887 105
888 102
889 105
890 102
891 105
892 102
893 105
894 102
895 105
896 102
897 105
898 102
899 105
900 102
901 105
902 102
903 105
904 102
905 105
906 102
907 105
908 102
909 105
910 102
911 105
912 102
913 105
914 102
915 105
916 102
917 105
918 102
919 105
920 102
921 105
922 102
923 105
924 102
925 105
926 102
927 105
928 102
929 105
930 102
931 105
932 102
933 105
934 102
935 105
936 102
937 105
938 102
939 105
940 102
941 105
942 102
943 105
944 102
945 105
946 102
947 105
948 102
949 105
950 102
951 105
952 102
953 105
954 102
955 105
956 102
957 105
958 102
959 105
960 102
961 105
962 102
963 105
964 102
965 105
966 102
967 105
968 102
969 105
970 102
971 105
972 102
973 105
974 102
975 105
976 102
977 105
978 102
979 105
980 102
981 105
982 102
983 105
984 102
985 105
986 102
987 105
988 102
989 105
990 102
991 105
992 102
993 105
994 102
995 105
996 102
997 105
998 102
999 105
1000 102
1001 105
