f8_l-d_kp_23_10000
9767
1 9701
2 9720
3 9737
4 9745
5 9752
6 9754
7 9752
8 9741
9 9752
10 9733
11 9716
12 9708
13 9701
14 9699
15 9701
16 9720
17 9737
18 9745
19 9752
20 9754
21 9752
22 9754
23 9752
24 9746
25 9752
26 9754
27 9735
28 9718
29 9710
30 9703
31 9722
32 9739
33 9747
34 9754
35 9752
36 9754
37 9752
38 9754
39 9752
40 9754
41 9752
42 9742
43 9725
44 9717
45 9710
46 9728
47 9737
48 9745
49 9743
50 9750
51 9752
52 9754
53 9752
54 9754
55 9752
56 9754
57 9752
58 9735
59 9725
60 9714
61 9733
62 9729
63 9714
64 9696
65 9717
66 9735
67 9735
68 9737
69 9725
70 9729
71 9748
72 9743
73 9754
74 9752
75 9754
76 9744
77 9735
78 9745
79 9754
80 9752
81 9750
82 9735
83 9718
84 9707
85 9727
86 9743
87 9750
88 9735
89 9737
90 9754
91 9752
92 9754
93 9752
94 9754
95 9752
96 9741
97 9733
98 9716
99 9706
100 9725
101 9735
102 9732
103 9741
104 9726
105 9743
106 9750
107 9752
108 9754
109 9752
110 9754
111 9752
112 9754
113 9752
114 9754
115 9752
116 9736
117 9752
118 9754
119 9752
120 9754
121 9752
122 9754
123 9744
124 9735
125 9745
126 9734
127 9745
128 9741
129 9726
130 9743
131 9741
132 9749
133 9734
134 9750
135 9752
136 9748
137 9727
138 9708
139 9730
140 9748
141 9754
142 9752
143 9744
144 9752
145 9754
146 9736
147 9754
148 9752
149 9754
150 9747
151 9740
152 9730
153 9724
154 9735
155 9719
156 9737
157 9745
158 9745
159 9752
160 9737
161 9717
162 9737
163 9752
164 9754
165 9743
166 9754
167 9747
168 9739
169 9721
170 9739
171 9747
172 9754
173 9752
174 9754
175 9752
176 9754
177 9752
178 9754
179 9752
180 9754
181 9752
182 9754
183 9745
184 9754
185 9751
186 9754
187 9740
188 9720
189 9710
190 9730
191 9748
192 9744
193 9738
194 9746
195 9743
196 9752
197 9749
198 9752
199 9754
200 9752
201 9754
202 9736
203 9754
204 9752
205 9754
206 9752
207 9734
208 9717
209 9737
210 9752
211 9754
212 9743
213 9754
214 9744
215 9736
216 9721
217 9739
218 9747
219 9754
220 9749
221 9754
222 9748
223 9754
224 9734
225 9754
226 9752
227 9754
228 9752
229 9754
230 9751
231 9734
232 9752
233 9754
234 9752
235 9754
236 9752
237 9741
238 9752
239 9744
240 9735
241 9744
242 9752
243 9749
244 9735
245 9750
246 9752
247 9742
248 9752
249 9730
250 9752
251 9736
252 9727
253 9719
254 9740
255 9748
256 9747
257 9745
258 9752
259 9746
260 9752
261 9741
262 9752
263 9754
264 9748
265 9731
266 9712
267 9732
268 9748
269 9741
270 9748
271 9738
272 9748
273 9754
274 9747
275 9754
276 9752
277 9754
278 9736
279 9720
280 9738
281 9754
282 9752
283 9746
284 9740
285 9722
286 9743
287 9750
288 9752
289 9754
290 9752
291 9754
292 9746
293 9754
294 9752
295 9754
296 9752
297 9754
298 9752
299 9754
300 9739
301 9754
302 9752
303 9754
304 9752
305 9745
306 9752
307 9754
308 9752
309 9754
310 9752
311 9746
312 9752
313 9746
314 9752
315 9741
316 9752
317 9745
318 9752
319 9735
320 9733
321 9750
322 9737
323 9731
324 9748
325 9742
326 9752
327 9741
328 9752
329 9746
330 9743
331 9750
332 9733
333 9750
334 9735
335 9733
336 9752
337 9748
338 9754
339 9743
340 9754
341 9752
342 9745
343 9752
344 9743
345 9752
346 9754
347 9738
348 9754
349 9748
350 9754
351 9743
352 9737
353 9748
354 9745
355 9752
356 9743
357 9729
358 9746
359 9742
360 9750
361 9746
362 9752
363 9754
364 9752
365 9754
366 9752
367 9754
368 9752
369 9754
370 9737
371 9754
372 9752
373 9754
374 9752
375 9754
376 9745
377 9754
378 9752
379 9754
380 9739
381 9754
382 9752
383 9744
384 9725
385 9714
386 9734
387 9744
388 9752
389 9747
390 9749
391 9743
392 9752
393 9754
394 9752
395 9754
396 9752
397 9754
398 9748
399 9741
400 9722
401 9741
402 9748
403 9743
404 9735
405 9716
406 9735
407 9741
408 9750
409 9754
410 9752
411 9754
412 9735
413 9728
414 9747
415 9754
416 9752
417 9733
418 9752
419 9754
420 9752
421 9744
422 9752
423 9754
424 9752
425 9754
426 9739
427 9719
428 9739
429 9754
430 9752
431 9754
432 9752
433 9754
434 9752
435 9742
436 9734
437 9723
438 9734
439 9716
440 9701
441 9720
442 9722
443 9739
444 9747
445 9745
446 9734
447 9752
448 9754
449 9743
450 9754
451 9752
452 9742
453 9752
454 9738
455 9720
456 9738
457 9752
458 9749
459 9741
460 9749
461 9738
462 9749
463 9752
464 9748
465 9754
466 9752
467 9734
468 9752
469 9754
470 9752
471 9754
472 9752
473 9746
474 9738
475 9727
476 9721
477 9732
478 9742
479 9750
480 9733
481 9732
482 9749
483 9752
484 9754
485 9752
486 9754
487 9752
488 9754
489 9752
490 9746
491 9730
492 9746
493 9752
494 9754
495 9751
496 9754
497 9752
498 9754
499 9752
500 9754
501 9752
502 9754
503 9752
504 9744
505 9742
506 9731
507 9724
508 9706
509 9725
510 9707
511 9692
512 9700
513 9702
514 9708
515 9715
516 9736
517 9754
518 9752
519 9754
520 9743
521 9741
522 9752
523 9754
524 9752
525 9754
526 9752
527 9742
528 9734
529 9717
530 9701
531 9720
532 9737
533 9726
534 9726
535 9715
536 9703
537 9703
538 9726
539 9745
540 9752
541 9754
542 9736
543 9727
544 9745
545 9754
546 9752
547 9754
548 9752
549 9741
550 9724
551 9717
552 9715
553 9735
554 9743
555 9722
556 9718
557 9706
558 9584
559 9707
560 9728
561 9731
562 9748
563 9754
564 9752
565 9744
566 9752
567 9754
568 9752
569 9754
570 9748
571 9731
572 9749
573 9742
574 9736
575 9725
576 9736
577 9732
578 9719
579 9737
580 9723
581 9739
582 9746
583 9742
584 9731
585 9715
586 9737
587 9726
588 9748
589 9754
590 9751
591 9745
592 9737
593 9719
594 9737
595 9745
596 9752
597 9754
598 9752
599 9754
600 9736
601 9754
602 9752
603 9754
604 9752
605 9754
606 9752
607 9745
608 9752
609 9745
610 9752
611 9754
612 9740
613 9722
614 9712
615 9731
616 9748
617 9740
618 9748
619 9745
620 9752
621 9754
622 9752
623 9754
624 9752
625 9754
626 9752
627 9733
628 9752
629 9754
630 9752
631 9745
632 9735
633 9745
634 9752
635 9754
636 9745
637 9741
638 9750
639 9730
640 9713
641 9735
642 9752
643 9754
644 9752
645 9742
646 9752
647 9754
648 9752
649 9743
650 9752
651 9754
652 9743
653 9754
654 9748
655 9745
656 9752
657 9754
658 9752
659 9742
660 9752
661 9743
662 9727
663 9744
664 9724
665 9744
666 9744
667 9737
668 9731
669 9737
670 9745
671 9727
672 9745
673 9752
674 9752
675 9734
676 9729
677 9749
678 9754
679 9752
680 9754
681 9746
682 9754
683 9752
684 9745
685 9727
686 9745
687 9752
688 9754
689 9752
690 9743
691 9736
692 9747
693 9739
694 9725
695 9742
696 9750
697 9746
698 9730
699 9709
700 9711
701 9732
702 9748
703 9754
704 9752
705 9754
706 9752
707 9744
708 9752
709 9754
710 9752
711 9754
712 9752
713 9754
714 9752
715 9754
716 9752
717 9754
718 9752
719 9754
720 9752
721 9754
722 9743
723 9738
724 9749
725 9754
726 9748
727 9740
728 9748
729 9742
730 9726
731 9745
732 9728
733 9746
734 9752
735 9741
736 9736
737 9724
738 9743
739 9735
740 9744
741 9752
742 9748
743 9754
744 9738
745 9754
746 9752
747 9754
748 9752
749 9741
750 9752
751 9746
752 9738
753 9721
754 9715
755 9733
756 9720
757 9702
758 9722
759 9728
760 9736
761 9731
762 9751
763 9747
764 9754
765 9752
766 9734
767 9752
768 9744
769 9735
770 9718
771 9738
772 9746
773 9746
774 9752
775 9745
776 9752
777 9754
778 9752
779 9754
780 9752
781 9754
782 9752
783 9754
784 9752
785 9754
786 9752
787 9754
788 9748
789 9754
790 9752
791 9745
792 9736
793 9728
794 9739
795 9723
796 9741
797 9724
798 9743
799 9731
800 9746
801 9748
802 9748
803 9726
804 9748
805 9737
806 9748
807 9730
808 9748
809 9748
810 9752
811 9749
812 9741
813 9749
814 9752
815 9734
816 9752
817 9752
818 9741
819 9728
820 9708
821 9730
822 9748
823 9754
824 9746
825 9739
826 9747
827 9741
828 9751
829 9754
830 9752
831 9754
832 9735
833 9717
834 9711
835 9731
836 9748
837 9740
838 9748
839 9738
840 9735
841 9745
842 9752
843 9754
844 9752
845 9754
846 9752
847 9754
848 9752
849 9754
850 9752
851 9754
852 9752
853 9754
854 9752
855 9754
856 9752
857 9754
858 9752
859 9754
860 9752
861 9754
862 9752
863 9754
864 9752
865 9754
866 9752
867 9754
868 9752
869 9754
870 9752
871 9754
872 9743
873 9734
874 9726
875 9720
876 9705
877 9724
878 9709
879 9728
880 9732
881 9741
882 9749
883 9734
884 9716
885 9735
886 9752
887 9754
888 9743
889 9734
890 9726
891 9720
892 9731
893 9741
894 9750
895 9754
896 9739
897 9754
898 9752
899 9754
900 9752
901 9754
902 9752
903 9741
904 9735
905 9726
906 9722
907 9704
908 9688
909 9708
910 9693
911 9681
912 9687
913 9696
914 9700
915 9718
916 9737
917 9754
918 9752
919 9754
920 9743
921 9734
922 9726
923 9737
924 9746
925 9754
926 9752
927 9749
928 9732
929 9750
930 9752
931 9754
932 9752
933 9754
934 9752
935 9754
936 9752
937 9754
938 9752
939 9737
940 9752
941 9754
942 9752
943 9745
944 9735
945 9726
946 9718
947 9703
948 9722
949 9732
950 9719
951 9704
952 9585
953 9594
954 9602
955 9722
956 9739
957 9754
958 9752
959 9754
960 9748
961 9754
962 9752
963 9754
964 9752
965 9754
966 9746
967 9754
968 9752
969 9741
970 9732
971 9743
972 9725
973 9743
974 9740
975 9749
976 9745
977 9730
978 9711
979 9730
980 9746
981 9752
982 9741
983 9729
984 9707
985 9730
986 9727
987 9745
988 9754
989 9752
990 9744
991 9741
992 9749
993 9752
994 9754
995 9752
996 9754
997 9752
998 9754
999 9745
1000 9734
1001 9745
