f9_l-d_kp_5_80
130
1 106
2 130
3 118
4 130
5 118
6 130
7 118
8 130
9 118
10 130
11 118
12 130
13 118
14 130
15 118
16 130
17 118
18 130
19 118
20 130
21 118
22 130
23 118
24 130
25 118
26 130
27 118
28 130
29 118
30 130
31 118
32 130
33 118
34 130
35 118
36 130
37 118
38 130
39 118
40 130
41 118
42 130
43 118
44 130
45 118
46 130
47 118
48 130
49 118
50 130
51 118
52 130
53 118
54 130
55 118
56 130
57 118
58 130
59 118
60 130
61 118
62 130
63 118
64 130
65 118
66 130
67 118
68 130
69 118
70 130
71 118
72 130
73 118
74 130
75 118
76 130
77 118
78 130
79 118
80 130
81 118
82 130
83 118
84 130
85 118
86 130
87 118
88 130
89 118
90 130
91 118
92 130
93 118
94 130
95 118
96 130
97 118
98 130
99 118
100 130
101 118
102 130
103 118
104 130
105 118
106 130
107 118
108 130
109 118
110 130
111 118
112 130
113 118
114 130
115 118
116 130
117 118
118 130
119 118
120 130
121 118
122 130
123 118
124 130
125 118
126 130
127 118
128 130
129 118
130 130
131 118
132 130
133 118
134 130
135 118
136 130
137 118
138 130
139 118
140 130
141 118
142 130
143 118
144 130
145 118
146 130
147 118
148 130
149 118
150 130
151 118
152 130
153 118
154 130
155 118
156 130
157 118
158 130
159 118
160 130
161 118
162 130
163 118
164 130
165 118
166 130
167 118
168 130
169 118
170 130
171 118
172 130
173 118
174 130
175 118
176 130
177 118
178 130
179 118
180 130
181 118
182 130
183 118
184 130
185 118
186 130
187 118
188 130
189 118
190 130
191 118
192 130
193 118
194 130
195 118
196 130
197 118
198 130
199 118
200 130
201 118
202 130
203 118
204 130
205 118
206 130
207 118
208 130
209 118
210 130
211 118
212 130
213 118
214 130
215 118
216 130
217 118
218 130
219 118
220 130
221 118
222 130
223 118
224 130
225 118
226 130
227 118
228 130
229 118
230 130
231 118
232 130
233 118
234 130
235 118
236 130
237 118
238 130
239 118
240 130
241 118
242 130
243 118
244 130
245 118
246 130
247 118
248 130
249 118
250 130
251 118
252 130
253 118
254 130
255 118
256 130
257 118
258 130
259 118
260 130
261 118
262 130
263 118
264 130
265 118
266 130
267 118
268 130
269 118
270 130
271 118
272 130
273 118
274 130
275 118
276 130
277 118
278 130
279 118
280 130
281 118
282 130
283 118
284 130
285 118
286 130
287 118
288 130
289 118
290 130
291 118
292 130
293 118
294 130
295 118
296 130
297 118
298 130
299 118
300 130
301 118
302 130
303 118
304 130
305 118
306 130
307 118
308 130
309 118
310 130
311 118
312 130
313 118
314 130
315 118
316 130
317 118
318 130
319 118
320 130
321 118
322 130
323 118
324 130
325 118
326 130
327 118
328 130
329 118
330 130
331 118
332 130
333 118
334 130
335 118
336 130
337 118
338 130
339 118
340 130
341 118
342 130
343 118
344 130
345 118
346 130
347 118
348 130
349 118
350 130
351 118
352 130
353 118
354 130
355 118
356 130
357 118
358 130
359 118
360 130
361 118
362 130
363 118
364 130
365 118
366 130
367 118
368 130
369 118
370 130
371 118
372 130
373 118
374 130
375 118
376 130
377 118
378 130
379 118
380 130
381 118
382 130
383 118
384 130
385 118
386 130
387 118
388 130
389 118
390 130
391 118
392 130
393 118
394 130
395 118
396 130
397 118
398 130
399 118
400 130
401 118
402 130
403 118
404 130
405 118
406 130
407 118
408 130
409 118
410 130
411 118
412 130
413 118
414 130
415 118
416 130
417 118
418 130
419 118
420 130
421 118
422 130
423 118
424 130
425 118
426 130
427 118
428 130
429 118
430 130
431 118
432 130
433 118
434 130
435 118
436 130
437 118
438 130
439 118
440 130
441 118
442 130
443 118
444 130
445 118
446 130
447 118
448 130
449 118
450 130
451 118
452 130
453 118
454 130
455 118
456 130
457 118
458 130
459 118
460 130
461 118
462 130
463 118
464 130
465 118
466 130
467 118
468 130
469 118
470 130
471 118
472 130
473 118
474 130
475 118
476 130
477 118
478 130
479 118
480 130
481 118
482 130
483 118
484 130
485 118
486 130
487 118
488 130
489 118
490 130
491 118
492 130
493 118
494 130
495 118
496 130
497 118
498 130
499 118
500 130
501 118
502 130
503 118
504 130
505 118
506 130
507 118
508 130
509 118
510 130
511 118
512 130
513 118
514 130
515 118
516 130
517 118
518 130
519 118
520 130
521 118
522 130
523 118
524 130
525 118
526 130
527 118
528 130
529 118
530 130
531 118
532 130
533 118
534 130
535 118
536 130
537 118
538 130
539 118
540 130
541 118
542 130
543 118
544 130
545 118
546 130
547 118
548 130
549 118
550 130
551 118
552 130
553 118
554 130
555 118
556 130
557 118
558 130
559 118
560 130
561 118
562 130
563 118
564 130
565 118
566 130
567 118
568 130
569 118
570 130
571 118
572 130
573 118
574 130
575 118
576 130
577 118
578 130
579 118
580 130
581 118
582 130
583 118
584 130
585 118
586 130
587 118
588 130
589 118
590 130
591 118
592 130
593 118
594 130
595 118
596 130
597 118
598 130
599 118
600 130
601 118
602 130
603 118
604 130
605 118
606 130
607 118
608 130
609 118
610 130
611 118
612 130
613 118
614 130
615 118
616 130
617 118
618 130
619 118
620 130
621 118
622 130
623 118
624 130
625 118
626 130
627 118
628 130
629 118
630 130
631 118
632 130
633 118
634 130
635 118
636 130
637 118
638 130
639 118
640 130
641 118
642 130
643 118
644 130
645 118
646 130
647 118
648 130
649 118
650 130
651 118
652 130
653 118
654 130
655 118
656 130
657 118
658 130
659 118
660 130
661 118
662 130
663 118
664 130
665 118
666 130
667 118
668 130
669 118
670 130
671 118
672 130
673 118
674 130
675 118
676 130
677 118
678 130
679 118
680 130
681 118
682 130
683 118
684 130
685 118
686 130
687 118
688 130
689 118
690 130
691 118
692 130
693 118
694 130
695 118
696 130
697 118
698 130
699 118
700 130
701 118
702 130
703 118
704 130
705 118
706 130
707 118
708 130
709 118
710 130
711 118
712 130
713 118
714 130
715 118
716 130
717 118
718 130
719 118
720 130
721 118
722 130
723 118
724 130
725 118
726 130
727 118
728 130
729 118
730 130
731 118
732 130
733 118
734 130
735 118
736 130
737 118
738 130
739 118
740 130
741 118
742 130
743 118
744 130
745 118
746 130
747 118
748 130
749 118
750 130
751 118
752 130
753 118
754 130
755 118
756 130
757 118
758 130
759 118
760 130
761 118
762 130
763 118
764 130
765 118
766 130
767 118
768 130
769 118
770 130
771 118
772 130
773 118
774 130
775 118
776 130
777 118
778 130
779 118
780 130
781 118
782 130
783 118
784 130
785 118
786 130
787 118
788 130
789 118
790 130
791 118
792 130
793 118
794 130
795 118
796 130
797 118
798 130
799 118
800 130
801 118
802 130
803 118
804 130
805 118
806 130
807 118
808 130
809 118
810 130
811 118
812 130
813 118
814 130
815 118
816 130
817 118
818 130
819 118
820 130
821 118
822 130
823 118
824 130
825 118
826 130
827 118
828 130
829 118
830 130
831 118
832 130
833 118
834 130
835 118
836 130
837 118
838 130
839 118
840 130
841 118
842 130
843 118
844 130
845 118
846 130
847 118
848 130
849 118
850 130
851 118
852 130
853 118
854 130
855 118
856 130
857 118
858 130
859 118
860 130
861 118
862 130
863 118
864 130
865 118
866 130
867 118
868 130
869 118
870 130
871 118
872 130
873 118
874 130
875 118
876 130
877 118
878 130
879 118
880 130
881 118
882 130
883 118
884 130
885 118
886 130
887 118
888 130
889 118
890 130
891 118
892 130
893 118
894 130
895 118
896 130
897 118
898 130
899 118
900 130
901 118
902 130
903 118
904 130
905 118
906 130
907 118
908 130
909 118
910 130
911 118
912 130
913 118
914 130
915 118
916 130
917 118
918 130
919 118
920 130
921 118
922 130
923 118
924 130
925 118
926 130
927 118
928 130
929 118
930 130
931 118
932 130
933 118
934 130
935 118
936 130
937 118
938 130
939 118
940 130
941 118
942 130
943 118
944 130
945 118
946 130
947 118
948 130
949 118
950 130
951 118
952 130
953 118
954 130
955 118
956 130
957 118
958 130
959 118
960 130
961 118
962 130
963 118
964 130
965 118
966 130
967 118
968 130
969 118
970 130
971 118
972 130
973 118
974 130
975 118
976 130
977 118
978 130
979 118
980 130
981 118
982 130
983 118
984 130
985 118
986 130
987 118
988 130
989 118
990 130
991 118
992 130
993 118
994 130
995 118
996 130
997 118
998 130
999 118
1000 130
1001 118
