knapPI_1_5000_1000_1
276457
1 24943
2 25907
3 27903
4 29884
5 30813
6 32805
7 34638
8 35559
9 37507
10 38415
11 40353
12 41788
13 42693
14 44605
15 45495
16 47410
17 48745
18 49632
19 51606
20 53563
21 55089
22 55972
23 57511
24 58357
25 60238
26 61469
27 62311
28 63753
29 64587
30 66530
31 67355
32 69159
33 69959
34 70888
35 71676
36 73530
37 74319
38 75106
39 76472
40 77256
41 79203
42 81009
43 81784
44 83554
45 84309
46 85037
47 86800
48 87518
49 89410
50 90124
51 92057
52 92764
53 93460
54 95249
55 95943
56 97483
57 98170
58 99997
59 100668
60 101634
61 102287
62 103168
63 103818
64 105741
65 106386
66 108335
67 109076
68 109696
69 111281
70 111897
71 113348
72 113913
73 114476
74 116360
75 118117
76 118610
77 119375
78 119781
79 121608
80 122007
81 123877
82 124410
83 124792
84 126630
85 127021
86 127398
87 128790
88 129157
89 131001
90 131809
91 132167
92 132673
93 133013
94 133425
95 133758
96 135452
97 135746
98 137473
99 137759
100 139442
101 139711
102 141560
103 141810
104 142143
105 142354
106 144140
107 144318
108 146122
109 146430
110 146587
111 147487
112 147522
113 148130
114 148144
115 148492
116 148494
117 148785
118 148783
119 150536
120 150815
121 150860
122 150858
123 151564
124 151563
125 153160
126 153160
127 153160
128 154806
129 154804
130 155965
131 155962
132 156759
133 156760
134 157264
135 157264
136 157262
137 159024
138 159193
139 159265
140 159263
141 159630
142 159628
143 161465
144 161688
145 161688
146 161686
147 163425
148 163488
149 163486
150 164492
151 164490
152 166261
153 166261
154 166259
155 167417
156 167414
157 167482
158 167480
159 169208
160 169205
161 169686
162 169686
163 169683
164 169914
165 169915
166 171655
167 171652
168 173294
169 173302
170 173299
171 173355
172 173356
173 175047
174 175044
175 175382
176 175378
177 175998
178 176000
179 177632
180 177681
181 177677
182 177673
183 177952
184 177956
185 177956
186 177953
187 178041
188 178037
189 178072
190 178068
191 178452
192 178448
193 179318
194 179320
195 180917
196 180983
197 180983
198 180982
199 181070
200 181133
201 181131
202 181410
203 181428
204 181425
205 183012
206 183012
207 183008
208 183057
209 183054
210 183089
211 183085
212 184560
213 184556
214 185392
215 185400
216 185402
217 186922
218 187098
219 187098
220 187098
221 187098
222 187098
223 187098
224 187098
225 187098
226 187098
227 187098
228 187098
229 187098
230 187098
231 187098
232 187098
233 187098
234 187098
235 187098
236 187098
237 187098
238 187098
239 187098
240 187098
241 187098
242 187098
243 187098
244 187098
245 187098
246 187098
247 187098
248 187098
249 187098
250 187098
251 187098
252 187098
253 187098
254 187098
255 187098
256 187098
257 187098
258 187098
259 187098
260 187098
261 187098
262 187098
263 187098
264 187098
265 187098
266 187098
267 187098
268 187098
269 187098
270 187098
271 187098
272 187098
273 187098
274 187098
275 187098
276 187098
277 187098
278 187098
279 187098
280 187098
281 187098
282 187098
283 187098
284 187098
285 187098
286 187098
287 187098
288 187098
289 187098
290 187098
291 187098
292 187098
293 187098
294 187098
295 187098
296 187098
297 187098
298 187098
299 187098
300 187098
301 187098
302 187098
303 187098
304 187098
305 187098
306 187098
307 187098
308 187098
309 187098
310 187098
311 187098
312 187098
313 187098
314 187098
315 187098
316 187098
317 187098
318 187098
319 187098
320 187098
321 187098
322 187098
323 187098
324 187098
325 187098
326 187098
327 187098
328 187098
329 187098
330 187098
331 187098
332 187098
333 187098
334 187098
335 187098
336 187098
337 187098
338 187098
339 187098
340 187098
341 187098
342 187098
343 187098
344 187098
345 187098
346 187098
347 187098
348 187098
349 187098
350 187098
351 187098
352 187098
353 187098
354 187098
355 187098
356 187098
357 187098
358 187098
359 187098
360 187098
361 187098
362 187098
363 187098
364 187098
365 187098
366 187098
367 187098
368 187098
369 187098
370 187098
371 187098
372 187098
373 187098
374 187098
375 187098
376 187098
377 187098
378 187098
379 187098
380 187098
381 187098
382 187098
383 187098
384 187098
385 187098
386 187098
387 187098
388 187098
389 187098
390 187098
391 187098
392 187098
393 187098
394 187098
395 187098
396 187098
397 187098
398 187098
399 187098
400 187098
401 187098
402 187098
403 187098
404 187098
405 187098
406 187098
407 187098
408 187098
409 187098
410 187098
411 187098
412 187098
413 187098
414 187098
415 187098
416 187098
417 187098
418 187098
419 187098
420 187098
421 187098
422 187098
423 187098
424 187098
425 187098
426 187098
427 187098
428 187098
429 187098
430 187098
431 187098
432 187098
433 187098
434 187098
435 187098
436 187098
437 187098
438 187098
439 187098
440 187098
441 187098
442 187098
443 187098
444 187098
445 187098
446 187098
447 187098
448 187098
449 187098
450 187098
451 187098
452 187098
453 187098
454 187098
455 187098
456 187098
457 187098
458 187098
459 187098
460 187098
461 187098
462 187098
463 187098
464 187098
465 187098
466 187098
467 187098
468 187098
469 187098
470 187098
471 187098
472 187098
473 187098
474 187098
475 187098
476 187098
477 187098
478 187098
479 187098
480 187098
481 187098
482 187098
483 187098
484 187098
485 187098
486 187098
487 187098
488 187098
489 187098
490 187098
491 187098
492 187098
493 187098
494 187098
495 187098
496 187098
497 187098
498 187098
499 187098
500 187098
501 187098
502 187098
503 187098
504 187098
505 187098
506 187098
507 187098
508 187098
509 187098
510 187098
511 187098
512 187098
513 187098
514 187098
515 187098
516 187098
517 187098
518 187098
519 187098
520 187098
521 187098
522 187098
523 187098
524 187098
525 187098
526 187098
527 187098
528 187098
529 187098
530 187098
531 187098
532 187098
533 187098
534 187098
535 187098
536 187098
537 187098
538 187098
539 187098
540 187098
541 187098
542 187098
543 187098
544 187098
545 187098
546 187098
547 187098
548 187098
549 187098
550 187098
551 187098
552 187098
553 187098
554 187098
555 187098
556 187098
557 187098
558 187098
559 187098
560 187098
561 187098
562 187098
563 187098
564 187098
565 187098
566 187098
567 187098
568 187098
569 187098
570 187098
571 187098
572 187098
573 187098
574 187098
575 187098
576 187098
577 187098
578 187098
579 187098
580 187098
581 187098
582 187098
583 187098
584 187098
585 187098
586 187098
587 187098
588 187098
589 187098
590 187098
591 187098
592 187098
593 187098
594 187098
595 187098
596 187098
597 187098
598 187098
599 187098
600 187098
601 187098
602 187098
603 187098
604 187098
605 187098
606 187098
607 187098
608 187098
609 187098
610 187098
611 187098
612 187098
613 187098
614 187098
615 187098
616 187098
617 187098
618 187098
619 187098
620 187098
621 187098
622 187098
623 187098
624 187098
625 187098
626 187098
627 187098
628 187098
629 187098
630 187098
631 187098
632 187098
633 187098
634 187098
635 187098
636 187098
637 187098
638 187098
639 187098
640 187098
641 187098
642 187098
643 187098
644 187098
645 187098
646 187098
647 187098
648 187098
649 187098
650 187098
651 187098
652 187098
653 187098
654 187098
655 187098
656 187098
657 187098
658 187098
659 187098
660 187098
661 187098
662 187098
663 187098
664 187098
665 187098
666 187098
667 187098
668 187098
669 187098
670 187098
671 187098
672 187098
673 187098
674 187098
675 187098
676 187098
677 187098
678 187098
679 187098
680 187098
681 187098
682 187098
683 187098
684 187098
685 187098
686 187098
687 187098
688 187098
689 187098
690 187098
691 187098
692 187098
693 187098
694 187098
695 187098
696 187098
697 187098
698 187098
699 187098
700 187098
701 187098
702 187098
703 187098
704 187098
705 187098
706 187098
707 187098
708 187098
709 187098
710 187098
711 187098
712 187098
713 187098
714 187098
715 187098
716 187098
717 187098
718 187098
719 187098
720 187098
721 187098
722 187098
723 187098
724 187098
725 187098
726 187098
727 187098
728 187098
729 187098
730 187098
731 187098
732 187098
733 187098
734 187098
735 187098
736 187098
737 187098
738 187098
739 187098
740 187098
741 187098
742 187098
743 187098
744 187098
745 187098
746 187098
747 187098
748 187098
749 187098
750 187098
751 187098
752 187098
753 187098
754 187098
755 187098
756 187098
757 187098
758 187098
759 187098
760 187098
761 187098
762 187098
763 187098
764 187098
765 187098
766 187098
767 187098
768 187098
769 187098
770 187098
771 187098
772 187098
773 187098
774 187098
775 187098
776 187098
777 187098
778 187098
779 187098
780 187098
781 187098
782 187098
783 187098
784 187098
785 187098
786 187098
787 187098
788 187098
789 187098
790 187098
791 187098
792 187098
793 187098
794 187098
795 187098
796 187098
797 187098
798 187098
799 187098
800 187098
801 187098
802 187098
803 187098
804 187098
805 187098
806 187098
807 187098
808 187098
809 187098
810 187098
811 187098
812 187098
813 187098
814 187098
815 187098
816 187098
817 187098
818 187098
819 187098
820 187098
821 187098
822 187098
823 187098
824 187098
825 187098
826 187098
827 187098
828 187098
829 187098
830 187098
831 187098
832 187098
833 187098
834 187098
835 187098
836 187098
837 187098
838 187098
839 187098
840 187098
841 187098
842 187098
843 187098
844 187098
845 187098
846 187098
847 187098
848 187098
849 187098
850 187098
851 187098
852 187098
853 187098
854 187098
855 187098
856 187098
857 187098
858 187098
859 187098
860 187098
861 187098
862 187098
863 187098
864 187098
865 187098
866 187098
867 187098
868 187098
869 187098
870 187098
871 187098
872 187098
873 187098
874 187098
875 187098
876 187098
877 187098
878 187098
879 187098
880 187098
881 187098
882 187098
883 187098
884 187098
885 187098
886 187098
887 187098
888 187098
889 187098
890 187098
891 187098
892 187098
893 187098
894 187098
895 187098
896 187098
897 187098
898 187098
899 187098
900 187098
901 187098
902 187098
903 187098
904 187098
905 187098
906 187098
907 187098
908 187098
909 187098
910 187098
911 187098
912 187098
913 187098
914 187098
915 187098
916 187098
917 187098
918 187098
919 187098
920 187098
921 187098
922 187098
923 187098
924 187098
925 187098
926 187098
927 187098
928 187098
929 187098
930 187098
931 187098
932 187098
933 187098
934 187098
935 187098
936 187098
937 187098
938 187098
939 187098
940 187098
941 187098
942 187098
943 187098
944 187098
945 187098
946 187098
947 187098
948 187098
949 187098
950 187098
951 187098
952 187098
953 187098
954 187098
955 187098
956 187098
957 187098
958 187098
959 187098
960 187098
961 187098
962 187098
963 187098
964 187098
965 187098
966 187098
967 187098
968 187098
969 187098
970 187098
971 187098
972 187098
973 187098
974 187098
975 187098
976 187098
977 187098
978 187098
979 187098
980 187098
981 187098
982 187098
983 187098
984 187098
985 187098
986 187098
987 187098
988 187098
989 187098
990 187098
991 187098
992 187098
993 187098
994 187098
995 187098
996 187098
997 187098
998 187098
999 187098
1000 187098
1001 187098
