knapPI_2_100_1000_1
1514
1 991
2 1145
3 1229
4 1331
5 1399
6 1443
7 1446
8 1443
9 1446
10 1443
11 1446
12 1443
13 1446
14 1443
15 1446
16 1443
17 1446
18 1443
19 1446
20 1443
21 1446
22 1443
23 1446
24 1443
25 1446
26 1443
27 1446
28 1443
29 1446
30 1443
31 1446
32 1443
33 1446
34 1443
35 1446
36 1443
37 1446
38 1443
39 1446
40 1443
41 1446
42 1443
43 1446
44 1443
45 1446
46 1443
47 1446
48 1443
49 1446
50 1443
51 1446
52 1443
53 1446
54 1443
55 1446
56 1443
57 1446
58 1443
59 1446
60 1443
61 1446
62 1443
63 1446
64 1443
65 1446
66 1443
67 1446
68 1443
69 1446
70 1443
71 1446
72 1443
73 1446
74 1443
75 1446
76 1443
77 1446
78 1443
79 1446
80 1443
81 1446
82 1443
83 1446
84 1443
85 1446
86 1443
87 1446
88 1443
89 1446
90 1443
91 1446
92 1443
93 1446
94 1443
95 1446
96 1443
97 1446
98 1443
99 1446
100 1443
101 1446
102 1443
103 1446
104 1443
105 1446
106 1443
107 1446
108 1443
109 1446
110 1443
111 1446
112 1443
113 1446
114 1443
115 1446
116 1443
117 1446
118 1443
119 1446
120 1443
121 1446
122 1443
123 1446
124 1443
125 1446
126 1443
127 1446
128 1443
129 1446
130 1443
131 1446
132 1443
133 1446
134 1443
135 1446
136 1443
137 1446
138 1443
139 1446
140 1443
141 1446
142 1443
143 1446
144 1443
145 1446
146 1443
147 1446
148 1443
149 1446
150 1443
151 1446
152 1443
153 1446
154 1443
155 1446
156 1443
157 1446
158 1443
159 1446
160 1443
161 1446
162 1443
163 1446
164 1443
165 1446
166 1443
167 1446
168 1443
169 1446
170 1443
171 1446
172 1443
173 1446
174 1443
175 1446
176 1443
177 1446
178 1443
179 1446
180 1443
181 1446
182 1443
183 1446
184 1443
185 1446
186 1443
187 1446
188 1443
189 1446
190 1443
191 1446
192 1443
193 1446
194 1443
195 1446
196 1443
197 1446
198 1443
199 1446
200 1443
201 1446
202 1443
203 1446
204 1443
205 1446
206 1443
207 1446
208 1443
209 1446
210 1443
211 1446
212 1443
213 1446
214 1443
215 1446
216 1443
217 1446
218 1443
219 1446
220 1443
221 1446
222 1443
223 1446
224 1443
225 1446
226 1443
227 1446
228 1443
229 1446
230 1443
231 1446
232 1443
233 1446
234 1443
235 1446
236 1443
237 1446
238 1443
239 1446
240 1443
241 1446
242 1443
243 1446
244 1443
245 1446
246 1443
247 1446
248 1443
249 1446
250 1443
251 1446
252 1443
253 1446
254 1443
255 1446
256 1443
257 1446
258 1443
259 1446
260 1443
261 1446
262 1443
263 1446
264 1443
265 1446
266 1443
267 1446
268 1443
269 1446
270 1443
271 1446
272 1443
273 1446
274 1443
275 1446
276 1443
277 1446
278 1443
279 1446
280 1443
281 1446
282 1443
283 1446
284 1443
285 1446
286 1443
287 1446
288 1443
289 1446
290 1443
291 1446
292 1443
293 1446
294 1443
295 1446
296 1443
297 1446
298 1443
299 1446
300 1443
301 1446
302 1443
303 1446
304 1443
305 1446
306 1443
307 1446
308 1443
309 1446
310 1443
311 1446
312 1443
313 1446
314 1443
315 1446
316 1443
317 1446
318 1443
319 1446
320 1443
321 1446
322 1443
323 1446
324 1443
325 1446
326 1443
327 1446
328 1443
329 1446
330 1443
331 1446
332 1443
333 1446
334 1443
335 1446
336 1443
337 1446
338 1443
339 1446
340 1443
341 1446
342 1443
343 1446
344 1443
345 1446
346 1443
347 1446
348 1443
349 1446
350 1443
351 1446
352 1443
353 1446
354 1443
355 1446
356 1443
357 1446
358 1443
359 1446
360 1443
361 1446
362 1443
363 1446
364 1443
365 1446
366 1443
367 1446
368 1443
369 1446
370 1443
371 1446
372 1443
373 1446
374 1443
375 1446
376 1443
377 1446
378 1443
379 1446
380 1443
381 1446
382 1443
383 1446
384 1443
385 1446
386 1443
387 1446
388 1443
389 1446
390 1443
391 1446
392 1443
393 1446
394 1443
395 1446
396 1443
397 1446
398 1443
399 1446
400 1443
401 1446
402 1443
403 1446
404 1443
405 1446
406 1443
407 1446
408 1443
409 1446
410 1443
411 1446
412 1443
413 1446
414 1443
415 1446
416 1443
417 1446
418 1443
419 1446
420 1443
421 1446
422 1443
423 1446
424 1443
425 1446
426 1443
427 1446
428 1443
429 1446
430 1443
431 1446
432 1443
433 1446
434 1443
435 1446
436 1443
437 1446
438 1443
439 1446
440 1443
441 1446
442 1443
443 1446
444 1443
445 1446
446 1443
447 1446
448 1443
449 1446
450 1443
451 1446
452 1443
453 1446
454 1443
455 1446
456 1443
457 1446
458 1443
459 1446
460 1443
461 1446
462 1443
463 1446
464 1443
465 1446
466 1443
467 1446
468 1443
469 1446
470 1443
471 1446
472 1443
473 1446
474 1443
475 1446
476 1443
477 1446
478 1443
479 1446
480 1443
481 1446
482 1443
483 1446
484 1443
485 1446
486 1443
487 1446
488 1443
489 1446
490 1443
491 1446
492 1443
493 1446
494 1443
495 1446
496 1443
497 1446
498 1443
499 1446
500 1443
501 1446
502 1443
503 1446
504 1443
505 1446
506 1443
507 1446
508 1443
509 1446
510 1443
511 1446
512 1443
513 1446
514 1443
515 1446
516 1443
517 1446
518 1443
519 1446
520 1443
521 1446
522 1443
523 1446
524 1443
525 1446
526 1443
527 1446
528 1443
529 1446
530 1443
531 1446
532 1443
533 1446
534 1443
535 1446
536 1443
537 1446
538 1443
539 1446
540 1443
541 1446
542 1443
543 1446
544 1443
545 1446
546 1443
547 1446
548 1443
549 1446
550 1443
551 1446
552 1443
553 1446
554 1443
555 1446
556 1443
557 1446
558 1443
559 1446
560 1443
561 1446
562 1443
563 1446
564 1443
565 1446
566 1443
567 1446
568 1443
569 1446
570 1443
571 1446
572 1443
573 1446
574 1443
575 1446
576 1443
577 1446
578 1443
579 1446
580 1443
581 1446
582 1443
583 1446
584 1443
585 1446
586 1443
587 1446
588 1443
589 1446
590 1443
591 1446
592 1443
593 1446
594 1443
595 1446
596 1443
597 1446
598 1443
599 1446
600 1443
601 1446
602 1443
603 1446
604 1443
605 1446
606 1443
607 1446
608 1443
609 1446
610 1443
611 1446
612 1443
613 1446
614 1443
615 1446
616 1443
617 1446
618 1443
619 1446
620 1443
621 1446
622 1443
623 1446
624 1443
625 1446
626 1443
627 1446
628 1443
629 1446
630 1443
631 1446
632 1443
633 1446
634 1443
635 1446
636 1443
637 1446
638 1443
639 1446
640 1443
641 1446
642 1443
643 1446
644 1443
645 1446
646 1443
647 1446
648 1443
649 1446
650 1443
651 1446
652 1443
653 1446
654 1443
655 1446
656 1443
657 1446
658 1443
659 1446
660 1443
661 1446
662 1443
663 1446
664 1443
665 1446
666 1443
667 1446
668 1443
669 1446
670 1443
671 1446
672 1443
673 1446
674 1443
675 1446
676 1443
677 1446
678 1443
679 1446
680 1443
681 1446
682 1443
683 1446
684 1443
685 1446
686 1443
687 1446
688 1443
689 1446
690 1443
691 1446
692 1443
693 1446
694 1443
695 1446
696 1443
697 1446
698 1443
699 1446
700 1443
701 1446
702 1443
703 1446
704 1443
705 1446
706 1443
707 1446
708 1443
709 1446
710 1443
711 1446
712 1443
713 1446
714 1443
715 1446
716 1443
717 1446
718 1443
719 1446
720 1443
721 1446
722 1443
723 1446
724 1443
725 1446
726 1443
727 1446
728 1443
729 1446
730 1443
731 1446
732 1443
733 1446
734 1443
735 1446
736 1443
737 1446
738 1443
739 1446
740 1443
741 1446
742 1443
743 1446
744 1443
745 1446
746 1443
747 1446
748 1443
749 1446
750 1443
751 1446
752 1443
753 1446
754 1443
755 1446
756 1443
757 1446
758 1443
759 1446
760 1443
761 1446
762 1443
763 1446
764 1443
765 1446
766 1443
767 1446
768 1443
769 1446
770 1443
771 1446
772 1443
773 1446
774 1443
775 1446
776 1443
777 1446
778 1443
779 1446
780 1443
781 1446
782 1443
783 1446
784 1443
785 1446
786 1443
787 1446
788 1443
789 1446
790 1443
791 1446
792 1443
793 1446
794 1443
795 1446
796 1443
797 1446
798 1443
799 1446
800 1443
801 1446
802 1443
803 1446
804 1443
805 1446
806 1443
807 1446
808 1443
809 1446
810 1443
811 1446
812 1443
813 1446
814 1443
815 1446
816 1443
817 1446
818 1443
819 1446
820 1443
821 1446
822 1443
823 1446
824 1443
825 1446
826 1443
827 1446
828 1443
829 1446
830 1443
831 1446
832 1443
833 1446
834 1443
835 1446
836 1443
837 1446
838 1443
839 1446
840 1443
841 1446
842 1443
843 1446
844 1443
845 1446
846 1443
847 1446
848 1443
849 1446
850 1443
851 1446
852 1443
853 1446
854 1443
855 1446
856 1443
857 1446
858 1443
859 1446
860 1443
861 1446
862 1443
863 1446
864 1443
865 1446
866 1443
867 1446
868 1443
869 1446
870 1443
871 1446
872 1443
873 1446
874 1443
875 1446
876 1443
877 1446
878 1443
879 1446
880 1443
881 1446
882 1443
883 1446
884 1443
885 1446
886 1443
887 1446
888 1443
889 1446
890 1443
891 1446
892 1443
893 1446
894 1443
895 1446
896 1443
897 1446
898 1443
899 1446
900 1443
901 1446
902 1443
903 1446
904 1443
905 1446
906 1443
907 1446
908 1443
909 1446
910 1443
911 1446
912 1443
913 1446
914 1443
915 1446
916 1443
917 1446
918 1443
919 1446
920 1443
921 1446
922 1443
923 1446
924 1443
925 1446
926 1443
927 1446
928 1443
929 1446
930 1443
931 1446
932 1443
933 1446
934 1443
935 1446
936 1443
937 1446
938 1443
939 1446
940 1443
941 1446
942 1443
943 1446
944 1443
945 1446
946 1443
947 1446
948 1443
949 1446
950 1443
951 1446
952 1443
953 1446
954 1443
955 1446
956 1443
957 1446
958 1443
959 1446
960 1443
961 1446
962 1443
963 1446
964 1443
965 1446
966 1443
967 1446
968 1443
969 1446
970 1443
971 1446
972 1443
973 1446
974 1443
975 1446
976 1443
977 1446
978 1443
979 1446
980 1443
981 1446
982 1443
983 1446
984 1443
985 1446
986 1443
987 1446
988 1443
989 1446
990 1443
991 1446
992 1443
993 1446
994 1443
995 1446
996 1443
997 1446
998 1443
999 1446
1000 1443
1001 1446
