knapPI_1_2000_1000_1
110625
1 9177
2 10126
3 12111
4 14006
5 14945
6 16425
7 17286
8 19259
9 21179
10 22012
11 23925
12 25735
13 26818
14 27625
15 29524
16 31272
17 32067
18 33695
19 34474
20 36356
21 37894
22 38631
23 40484
24 41194
25 41946
26 42544
27 44404
28 44979
29 45523
30 47280
31 47823
32 49636
33 50132
34 52089
35 53658
36 53998
37 55877
38 56149
39 56352
40 56829
41 56987
42 57689
43 57716
44 59471
45 59613
46 59609
47 59654
48 59644
49 59641
50 59640
51 61203
52 61213
53 61217
54 61210
55 62973
56 63228
57 63219
58 63213
59 63492
60 63482
61 63478
62 63477
63 65370
64 65367
65 65377
66 65373
67 65367
68 65968
69 65972
70 65971
71 66456
72 66448
73 66457
74 66447
75 66443
76 67715
77 67725
78 67721
79 67717
80 67725
81 67729
82 67722
83 68309
84 68302
85 70061
86 70184
87 70175
88 70184
89 70176
90 70172
91 70162
92 70161
93 72040
94 72319
95 72329
96 72337
97 72341
98 72335
99 72796
100 72795
101 73240
102 73236
103 73489
104 73481
105 73489
106 73485
107 73479
108 75161
109 75350
110 75354
111 75353
112 75486
113 75477
114 75728
115 75717
116 76578
117 76588
118 78412
119 78404
120 78412
121 78401
122 78432
123 78431
124 78809
125 78807
126 78959
127 78970
128 78965
129 80047
130 80051
131 80054
132 80046
133 80080
134 80070
135 80061
136 80260
137 80250
138 80357
139 80367
140 80364
141 80441
142 80430
143 81083
144 81093
145 81081
146 81962
147 81996
148 81999
149 82001
150 82140
151 82139
152 82445
153 82493
154 82501
155 82500
156 84305
157 84302
158 84470
159 84461
160 84637
161 84657
162 84644
163 86087
164 86097
165 86093
166 86088
167 86568
168 86572
169 86561
170 87296
171 87286
172 88257
173 88247
174 88237
175 88247
176 88257
177 88256
178 88564
179 88560
180 88555
181 89392
182 89396
183 91036
184 91040
185 91031
186 91230
187 91227
188 91404
189 91393
190 91903
191 91888
192 91922
193 91920
194 92033
195 92021
196 92702
197 92717
198 92721
199 92720
200 93022
201 93060
202 93055
203 93758
204 93745
205 93807
206 93803
207 93794
208 94009
209 94013
210 94015
211 94015
212 95449
213 95477
214 95466
215 95989
216 95979
217 96689
218 96685
219 96671
220 96852
221 96865
222 96869
223 96878
224 96876
225 96871
226 97461
227 97463
228 97454
229 97703
230 97688
231 97708
232 97690
233 97939
234 97920
235 98814
236 98829
237 98827
238 98899
239 98887
240 99581
241 99563
242 99832
243 99821
244 99867
245 99868
246 100122
247 100158
248 100145
249 100217
250 100202
251 100686
252 100704
253 100682
254 100748
255 100762
256 101218
257 101205
258 101187
259 101436
260 101449
261 101447
262 101513
263 101487
264 101531
265 101535
266 101571
267 101572
268 102090
269 102081
270 102257
271 102347
272 102329
273 102515
274 102491
275 102520
276 102530
277 102654
278 102628
279 102696
280 102698
281 102804
282 102786
283 103040
284 103041
285 103514
286 103503
287 103726
288 103709
289 103680
290 104085
291 104102
292 104106
293 104174
294 104150
295 104141
296 104105
297 104060
298 104024
299 104175
300 104220
301 104260
302 104269
303 104239
304 104467
305 104463
306 104446
307 104843
308 104860
309 104868
310 104872
311 104864
312 104855
313 104890
314 104898
315 104858
316 104823
317 104957
318 104997
319 104989
320 104998
321 104972
322 105029
323 105021
324 104995
325 105181
326 105194
327 105318
328 105327
329 105309
330 105366
331 105358
332 105393
333 105390
334 105710
335 105739
336 105721
337 105996
338 106000
339 106094
340 106086
341 106108
342 106086
343 106065
344 106030
345 106122
346 106144
347 106152
348 106109
349 106205
350 106222
351 106243
352 106248
353 106338
354 106328
355 106311
356 106293
357 106547
358 106564
359 106648
360 106627
361 106605
362 106572
363 106529
364 106656
365 106678
366 106676
367 106697
368 106684
369 106726
370 106691
371 106781
372 106803
373 106820
374 106810
375 106800
376 106810
377 106820
378 106810
379 106789
380 106810
381 106788
382 106810
383 106792
384 107062
385 107072
386 107099
387 107075
388 107065
389 107034
390 107434
391 107458
392 107460
393 107439
394 107429
395 107407
396 107394
397 107384
398 107357
399 107333
400 107331
401 107352
402 107362
403 107384
404 107397
405 107407
406 107434
407 107458
408 107460
409 107439
410 107429
411 107407
412 107394
413 107384
414 107357
415 107333
416 107331
417 107352
418 107362
419 107384
420 107397
421 107407
422 107434
423 107458
424 107460
425 107439
426 107429
427 107407
428 107394
429 107384
430 107357
431 107333
432 107331
433 107352
434 107362
435 107384
436 107397
437 107407
438 107434
439 107458
440 107460
441 107439
442 107429
443 107407
444 107394
445 107384
446 107357
447 107333
448 107331
449 107352
450 107362
451 107384
452 107397
453 107407
454 107434
455 107458
456 107460
457 107439
458 107429
459 107407
460 107394
461 107384
462 107357
463 107333
464 107331
465 107352
466 107362
467 107384
468 107397
469 107407
470 107434
471 107458
472 107460
473 107439
474 107429
475 107407
476 107394
477 107384
478 107357
479 107333
480 107331
481 107352
482 107362
483 107384
484 107397
485 107407
486 107434
487 107458
488 107460
489 107439
490 107429
491 107407
492 107394
493 107384
494 107357
495 107333
496 107331
497 107352
498 107362
499 107384
500 107397
501 107407
502 107434
503 107458
504 107460
505 107439
506 107429
507 107407
508 107394
509 107384
510 107357
511 107333
512 107331
513 107352
514 107362
515 107384
516 107397
517 107407
518 107434
519 107458
520 107460
521 107439
522 107429
523 107407
524 107394
525 107384
526 107357
527 107333
528 107331
529 107352
530 107362
531 107384
532 107397
533 107407
534 107434
535 107458
536 107460
537 107439
538 107429
539 107407
540 107394
541 107384
542 107357
543 107333
544 107331
545 107352
546 107362
547 107384
548 107397
549 107407
550 107434
551 107458
552 107460
553 107439
554 107429
555 107407
556 107394
557 107384
558 107357
559 107333
560 107331
561 107352
562 107362
563 107384
564 107397
565 107407
566 107434
567 107458
568 107460
569 107439
570 107429
571 107407
572 107394
573 107384
574 107357
575 107333
576 107331
577 107352
578 107362
579 107384
580 107397
581 107407
582 107434
583 107458
584 107460
585 107439
586 107429
587 107407
588 107394
589 107384
590 107357
591 107333
592 107331
593 107352
594 107362
595 107384
596 107397
597 107407
598 107434
599 107458
600 107460
601 107439
602 107429
603 107407
604 107394
605 107384
606 107357
607 107333
608 107331
609 107352
610 107362
611 107384
612 107397
613 107407
614 107434
615 107458
616 107460
617 107439
618 107429
619 107407
620 107394
621 107384
622 107357
623 107333
624 107331
625 107352
626 107362
627 107384
628 107397
629 107407
630 107434
631 107458
632 107460
633 107439
634 107429
635 107407
636 107394
637 107384
638 107357
639 107333
640 107331
641 107352
642 107362
643 107384
644 107397
645 107407
646 107434
647 107458
648 107460
649 107439
650 107429
651 107407
652 107394
653 107384
654 107357
655 107333
656 107331
657 107352
658 107362
659 107384
660 107397
661 107407
662 107434
663 107458
664 107460
665 107439
666 107429
667 107407
668 107394
669 107384
670 107357
671 107333
672 107331
673 107352
674 107362
675 107384
676 107397
677 107407
678 107434
679 107458
680 107460
681 107439
682 107429
683 107407
684 107394
685 107384
686 107357
687 107333
688 107331
689 107352
690 107362
691 107384
692 107397
693 107407
694 107434
695 107458
696 107460
697 107439
698 107429
699 107407
700 107394
701 107384
702 107357
703 107333
704 107331
705 107352
706 107362
707 107384
708 107397
709 107407
710 107434
711 107458
712 107460
713 107439
714 107429
715 107407
716 107394
717 107384
718 107357
719 107333
720 107331
721 107352
722 107362
723 107384
724 107397
725 107407
726 107434
727 107458
728 107460
729 107439
730 107429
731 107407
732 107394
733 107384
734 107357
735 107333
736 107331
737 107352
738 107362
739 107384
740 107397
741 107407
742 107434
743 107458
744 107460
745 107439
746 107429
747 107407
748 107394
749 107384
750 107357
751 107333
752 107331
753 107352
754 107362
755 107384
756 107397
757 107407
758 107434
759 107458
760 107460
761 107439
762 107429
763 107407
764 107394
765 107384
766 107357
767 107333
768 107331
769 107352
770 107362
771 107384
772 107397
773 107407
774 107434
775 107458
776 107460
777 107439
778 107429
779 107407
780 107394
781 107384
782 107357
783 107333
784 107331
785 107352
786 107362
787 107384
788 107397
789 107407
790 107434
791 107458
792 107460
793 107439
794 107429
795 107407
796 107394
797 107384
798 107357
799 107333
800 107331
801 107352
802 107362
803 107384
804 107397
805 107407
806 107434
807 107458
808 107460
809 107439
810 107429
811 107407
812 107394
813 107384
814 107357
815 107333
816 107331
817 107352
818 107362
819 107384
820 107397
821 107407
822 107434
823 107458
824 107460
825 107439
826 107429
827 107407
828 107394
829 107384
830 107357
831 107333
832 107331
833 107352
834 107362
835 107384
836 107397
837 107407
838 107434
839 107458
840 107460
841 107439
842 107429
843 107407
844 107394
845 107384
846 107357
847 107333
848 107331
849 107352
850 107362
851 107384
852 107397
853 107407
854 107434
855 107458
856 107460
857 107439
858 107429
859 107407
860 107394
861 107384
862 107357
863 107333
864 107331
865 107352
866 107362
867 107384
868 107397
869 107407
870 107434
871 107458
872 107460
873 107439
874 107429
875 107407
876 107394
877 107384
878 107357
879 107333
880 107331
881 107352
882 107362
883 107384
884 107397
885 107407
886 107434
887 107458
888 107460
889 107439
890 107429
891 107407
892 107394
893 107384
894 107357
895 107333
896 107331
897 107352
898 107362
899 107384
900 107397
901 107407
902 107434
903 107458
904 107460
905 107439
906 107429
907 107407
908 107394
909 107384
910 107357
911 107333
912 107331
913 107352
914 107362
915 107384
916 107397
917 107407
918 107434
919 107458
920 107460
921 107439
922 107429
923 107407
924 107394
925 107384
926 107357
927 107333
928 107331
929 107352
930 107362
931 107384
932 107397
933 107407
934 107434
935 107458
936 107460
937 107439
938 107429
939 107407
940 107394
941 107384
942 107357
943 107333
944 107331
945 107352
946 107362
947 107384
948 107397
949 107407
950 107434
951 107458
952 107460
953 107439
954 107429
955 107407
956 107394
957 107384
958 107357
959 107333
960 107331
961 107352
962 107362
963 107384
964 107397
965 107407
966 107434
967 107458
968 107460
969 107439
970 107429
971 107407
972 107394
973 107384
974 107357
975 107333
976 107331
977 107352
978 107362
979 107384
980 107397
981 107407
982 107434
983 107458
984 107460
985 107439
986 107429
987 107407
988 107394
989 107384
990 107357
991 107333
992 107331
993 107352
994 107362
995 107384
996 107397
997 107407
998 107434
999 107458
1000 107460
1001 107439
