knapPI_3_500_1000_1
7117
1 3517
2 3517
3 3517
4 3517
5 3517
6 3515
7 3517
8 3515
9 3510
10 3517
11 3517
12 3517
13 3517
14 3509
15 3517
16 3516
17 3515
18 3517
19 3517
20 3517
21 3517
22 3511
23 3517
24 3516
25 3517
26 3517
27 3517
28 3516
29 3517
30 3515
31 3514
32 3517
33 3514
34 3517
35 3517
36 3517
37 3517
38 3516
39 3514
40 3514
41 3511
42 3517
43 3517
44 3517
45 3516
46 3517
47 3514
48 3517
49 3517
50 3513
51 3517
52 3517
53 3517
54 3516
55 3510
56 3517
57 3517
58 3517
59 3514
60 3516
61 3517
62 3516
63 3515
64 3517
65 3517
66 3516
67 3517
68 3517
69 3517
70 3515
71 3517
72 3516
73 3510
74 3517
75 3515
76 3517
77 3517
78 3517
79 3517
80 3514
81 3517
82 3517
83 3516
84 3517
85 3516
86 3513
87 3517
88 3515
89 3514
90 3517
91 3517
92 3517
93 3510
94 3517
95 3516
96 3516
97 3517
98 3516
99 3517
100 3517
101 3517
102 3508
103 3517
104 3517
105 3517
106 3517
107 3516
108 3517
109 3517
110 3517
111 3516
112 3517
113 3517
114 3517
115 3517
116 3516
117 3517
118 3517
119 3517
120 3516
121 3517
122 3517
123 3517
124 3517
125 3516
126 3517
127 3517
128 3517
129 3516
130 3517
131 3517
132 3517
133 3517
134 3516
135 3517
136 3517
137 3517
138 3516
139 3517
140 3517
141 3517
142 3517
143 3516
144 3517
145 3517
146 3517
147 3516
148 3517
149 3517
150 3517
151 3517
152 3516
153 3517
154 3517
155 3517
156 3516
157 3517
158 3517
159 3517
160 3517
161 3516
162 3517
163 3517
164 3517
165 3516
166 3517
167 3517
168 3517
169 3517
170 3516
171 3517
172 3517
173 3517
174 3516
175 3517
176 3517
177 3517
178 3517
179 3516
180 3517
181 3517
182 3517
183 3516
184 3517
185 3517
186 3517
187 3517
188 3516
189 3517
190 3517
191 3517
192 3516
193 3517
194 3517
195 3517
196 3517
197 3516
198 3517
199 3517
200 3517
201 3516
202 3517
203 3517
204 3517
205 3517
206 3516
207 3517
208 3517
209 3517
210 3516
211 3517
212 3517
213 3517
214 3517
215 3516
216 3517
217 3517
218 3517
219 3516
220 3517
221 3517
222 3517
223 3517
224 3516
225 3517
226 3517
227 3517
228 3516
229 3517
230 3517
231 3517
232 3517
233 3516
234 3517
235 3517
236 3517
237 3516
238 3517
239 3517
240 3517
241 3517
242 3516
243 3517
244 3517
245 3517
246 3516
247 3517
248 3517
249 3517
250 3517
251 3516
252 3517
253 3517
254 3517
255 3516
256 3517
257 3517
258 3517
259 3517
260 3516
261 3517
262 3517
263 3517
264 3516
265 3517
266 3517
267 3517
268 3517
269 3516
270 3517
271 3517
272 3517
273 3516
274 3517
275 3517
276 3517
277 3517
278 3516
279 3517
280 3517
281 3517
282 3516
283 3517
284 3517
285 3517
286 3517
287 3516
288 3517
289 3517
290 3517
291 3516
292 3517
293 3517
294 3517
295 3517
296 3516
297 3517
298 3517
299 3517
300 3516
301 3517
302 3517
303 3517
304 3517
305 3516
306 3517
307 3517
308 3517
309 3516
310 3517
311 3517
312 3517
313 3517
314 3516
315 3517
316 3517
317 3517
318 3516
319 3517
320 3517
321 3517
322 3517
323 3516
324 3517
325 3517
326 3517
327 3516
328 3517
329 3517
330 3517
331 3517
332 3516
333 3517
334 3517
335 3517
336 3516
337 3517
338 3517
339 3517
340 3517
341 3516
342 3517
343 3517
344 3517
345 3516
346 3517
347 3517
348 3517
349 3517
350 3516
351 3517
352 3517
353 3517
354 3516
355 3517
356 3517
357 3517
358 3517
359 3516
360 3517
361 3517
362 3517
363 3516
364 3517
365 3517
366 3517
367 3517
368 3516
369 3517
370 3517
371 3517
372 3516
373 3517
374 3517
375 3517
376 3517
377 3516
378 3517
379 3517
380 3517
381 3516
382 3517
383 3517
384 3517
385 3517
386 3516
387 3517
388 3517
389 3517
390 3516
391 3517
392 3517
393 3517
394 3517
395 3516
396 3517
397 3517
398 3517
399 3516
400 3517
401 3517
402 3517
403 3517
404 3516
405 3517
406 3517
407 3517
408 3516
409 3517
410 3517
411 3517
412 3517
413 3516
414 3517
415 3517
416 3517
417 3516
418 3517
419 3517
420 3517
421 3517
422 3516
423 3517
424 3517
425 3517
426 3516
427 3517
428 3517
429 3517
430 3517
431 3516
432 3517
433 3517
434 3517
435 3516
436 3517
437 3517
438 3517
439 3517
440 3516
441 3517
442 3517
443 3517
444 3516
445 3517
446 3517
447 3517
448 3517
449 3516
450 3517
451 3517
452 3517
453 3516
454 3517
455 3517
456 3517
457 3517
458 3516
459 3517
460 3517
461 3517
462 3516
463 3517
464 3517
465 3517
466 3517
467 3516
468 3517
469 3517
470 3517
471 3516
472 3517
473 3517
474 3517
475 3517
476 3516
477 3517
478 3517
479 3517
480 3516
481 3517
482 3517
483 3517
484 3517
485 3516
486 3517
487 3517
488 3517
489 3516
490 3517
491 3517
492 3517
493 3517
494 3516
495 3517
496 3517
497 3517
498 3516
499 3517
500 3517
501 3517
502 3517
503 3516
504 3517
505 3517
506 3517
507 3516
508 3517
509 3517
510 3517
511 3517
512 3516
513 3517
514 3517
515 3517
516 3516
517 3517
518 3517
519 3517
520 3517
521 3516
522 3517
523 3517
524 3517
525 3516
526 3517
527 3517
528 3517
529 3517
530 3516
531 3517
532 3517
533 3517
534 3516
535 3517
536 3517
537 3517
538 3517
539 3516
540 3517
541 3517
542 3517
543 3516
544 3517
545 3517
546 3517
547 3517
548 3516
549 3517
550 3517
551 3517
552 3516
553 3517
554 3517
555 3517
556 3517
557 3516
558 3517
559 3517
560 3517
561 3516
562 3517
563 3517
564 3517
565 3517
566 3516
567 3517
568 3517
569 3517
570 3516
571 3517
572 3517
573 3517
574 3517
575 3516
576 3517
577 3517
578 3517
579 3516
580 3517
581 3517
582 3517
583 3517
584 3516
585 3517
586 3517
587 3517
588 3516
589 3517
590 3517
591 3517
592 3517
593 3516
594 3517
595 3517
596 3517
597 3516
598 3517
599 3517
600 3517
601 3517
602 3516
603 3517
604 3517
605 3517
606 3516
607 3517
608 3517
609 3517
610 3517
611 3516
612 3517
613 3517
614 3517
615 3516
616 3517
617 3517
618 3517
619 3517
620 3516
621 3517
622 3517
623 3517
624 3516
625 3517
626 3517
627 3517
628 3517
629 3516
630 3517
631 3517
632 3517
633 3516
634 3517
635 3517
636 3517
637 3517
638 3516
639 3517
640 3517
641 3517
642 3516
643 3517
644 3517
645 3517
646 3517
647 3516
648 3517
649 3517
650 3517
651 3516
652 3517
653 3517
654 3517
655 3517
656 3516
657 3517
658 3517
659 3517
660 3516
661 3517
662 3517
663 3517
664 3517
665 3516
666 3517
667 3517
668 3517
669 3516
670 3517
671 3517
672 3517
673 3517
674 3516
675 3517
676 3517
677 3517
678 3516
679 3517
680 3517
681 3517
682 3517
683 3516
684 3517
685 3517
686 3517
687 3516
688 3517
689 3517
690 3517
691 3517
692 3516
693 3517
694 3517
695 3517
696 3516
697 3517
698 3517
699 3517
700 3517
701 3516
702 3517
703 3517
704 3517
705 3516
706 3517
707 3517
708 3517
709 3517
710 3516
711 3517
712 3517
713 3517
714 3516
715 3517
716 3517
717 3517
718 3517
719 3516
720 3517
721 3517
722 3517
723 3516
724 3517
725 3517
726 3517
727 3517
728 3516
729 3517
730 3517
731 3517
732 3516
733 3517
734 3517
735 3517
736 3517
737 3516
738 3517
739 3517
740 3517
741 3516
742 3517
743 3517
744 3517
745 3517
746 3516
747 3517
748 3517
749 3517
750 3516
751 3517
752 3517
753 3517
754 3517
755 3516
756 3517
757 3517
758 3517
759 3516
760 3517
761 3517
762 3517
763 3517
764 3516
765 3517
766 3517
767 3517
768 3516
769 3517
770 3517
771 3517
772 3517
773 3516
774 3517
775 3517
776 3517
777 3516
778 3517
779 3517
780 3517
781 3517
782 3516
783 3517
784 3517
785 3517
786 3516
787 3517
788 3517
789 3517
790 3517
791 3516
792 3517
793 3517
794 3517
795 3516
796 3517
797 3517
798 3517
799 3517
800 3516
801 3517
802 3517
803 3517
804 3516
805 3517
806 3517
807 3517
808 3517
809 3516
810 3517
811 3517
812 3517
813 3516
814 3517
815 3517
816 3517
817 3517
818 3516
819 3517
820 3517
821 3517
822 3516
823 3517
824 3517
825 3517
826 3517
827 3516
828 3517
829 3517
830 3517
831 3516
832 3517
833 3517
834 3517
835 3517
836 3516
837 3517
838 3517
839 3517
840 3516
841 3517
842 3517
843 3517
844 3517
845 3516
846 3517
847 3517
848 3517
849 3516
850 3517
851 3517
852 3517
853 3517
854 3516
855 3517
856 3517
857 3517
858 3516
859 3517
860 3517
861 3517
862 3517
863 3516
864 3517
865 3517
866 3517
867 3516
868 3517
869 3517
870 3517
871 3517
872 3516
873 3517
874 3517
875 3517
876 3516
877 3517
878 3517
879 3517
880 3517
881 3516
882 3517
883 3517
884 3517
885 3516
886 3517
887 3517
888 3517
889 3517
890 3516
891 3517
892 3517
893 3517
894 3516
895 3517
896 3517
897 3517
898 3517
899 3516
900 3517
901 3517
902 3517
903 3516
904 3517
905 3517
906 3517
907 3517
908 3516
909 3517
910 3517
911 3517
912 3516
913 3517
914 3517
915 3517
916 3517
917 3516
918 3517
919 3517
920 3517
921 3516
922 3517
923 3517
924 3517
925 3517
926 3516
927 3517
928 3517
929 3517
930 3516
931 3517
932 3517
933 3517
934 3517
935 3516
936 3517
937 3517
938 3517
939 3516
940 3517
941 3517
942 3517
943 3517
944 3516
945 3517
946 3517
947 3517
948 3516
949 3517
950 3517
951 3517
952 3517
953 3516
954 3517
955 3517
956 3517
957 3516
958 3517
959 3517
960 3517
961 3517
962 3516
963 3517
964 3517
965 3517
966 3516
967 3517
968 3517
969 3517
970 3517
971 3516
972 3517
973 3517
974 3517
975 3516
976 3517
977 3517
978 3517
979 3517
980 3516
981 3517
982 3517
983 3517
984 3516
985 3517
986 3517
987 3517
988 3517
989 3516
990 3517
991 3517
992 3517
993 3516
994 3517
995 3517
996 3517
997 3517
998 3516
999 3517
1000 3517
1001 3517
