knapPI_3_100_1000_1
2397
1 1494
2 1492
3 1496
4 1490
5 1481
6 1491
7 1460
8 1496
9 1494
10 1496
11 1492
12 1496
13 1494
14 1496
15 1494
16 1490
17 1494
18 1490
19 1494
20 1480
21 1696
22 1692
23 1696
24 1692
25 1666
26 1694
27 1684
28 1696
29 1695
30 1696
31 1695
32 1696
33 1686
34 1696
35 1695
36 1696
37 1695
38 1696
39 1688
40 1697
41 1693
42 1674
43 1688
44 1697
45 1687
46 1697
47 1691
48 1697
49 1691
50 1697
51 1691
52 1695
53 1691
54 1697
55 1688
56 1674
57 1689
58 1693
59 1697
60 1693
61 1697
62 1693
63 1684
64 1696
65 1695
66 1670
67 1684
68 1694
69 1690
70 1694
71 1690
72 1694
73 1690
74 1685
75 1677
76 1697
77 1693
78 1697
79 1688
80 1697
81 1693
82 1669
83 1696
84 1690
85 1696
86 1690
87 1696
88 1676
89 1696
90 1690
91 1681
92 1695
93 1681
94 1696
95 1677
96 1696
97 1695
98 1697
99 1695
100 1697
101 1692
102 1697
103 1695
104 1697
105 1694
106 1679
107 1696
108 1697
109 1678
110 1697
111 1656
112 1697
113 1692
114 1697
115 1695
116 1694
117 1696
118 1682
119 1697
120 1695
121 1676
122 1695
123 1697
124 1651
125 1889
126 1893
127 1894
128 1893
129 1894
130 1879
131 1897
132 1895
133 1844
134 1897
135 1893
136 1897
137 1893
138 1897
139 1888
140 1890
141 1883
142 1879
143 1894
144 1892
145 1896
146 1892
147 1883
148 1897
149 1890
150 1897
151 1896
152 1897
153 1896
154 1897
155 1896
156 1892
157 1896
158 1880
159 1894
160 1880
161 1891
162 1895
163 1896
164 1896
165 1892
166 1896
167 1882
168 1896
169 1896
170 1896
171 1896
172 1896
173 1892
174 1891
175 1882
176 1894
177 1890
178 1894
179 1895
180 1881
181 1885
182 1896
183 1896
184 1882
185 1897
186 1897
187 1897
188 1897
189 1893
190 1892
191 1896
192 1897
193 1897
194 1897
195 1897
196 1878
197 1891
198 1876
199 1895
200 1895
201 1895
202 1895
203 1894
204 1895
205 1895
206 1895
207 1895
208 1895
209 1895
210 1880
211 1895
212 1895
213 1872
214 1897
215 1891
216 1897
217 1880
218 1897
219 1897
220 1897
221 1897
222 1893
223 1878
224 1896
225 1886
226 1896
227 1896
228 1896
229 1896
230 1849
231 1892
232 1896
233 1896
234 1896
235 1887
236 1896
237 1886
238 1871
239 1886
240 1897
241 1896
242 1897
243 1895
244 1882
245 1892
246 1896
247 1887
248 1858
249 1895
250 1897
251 1897
252 1897
253 1897
254 1897
255 1897
256 1897
257 1887
258 1897
259 1897
260 1893
261 1891
262 1876
263 1890
264 1896
265 1896
266 1896
267 1886
268 1897
269 1887
270 1896
271 1896
272 1896
273 1896
274 1896
275 1890
276 1876
277 1886
278 1896
279 1887
280 1896
281 1896
282 1887
283 1893
284 1897
285 1896
286 1897
287 1896
288 1873
289 1895
290 1891
291 1876
292 1890
293 1894
294 1895
295 1889
296 1895
297 1873
298 1896
299 1883
300 1896
301 1896
302 1896
303 1896
304 1892
305 1891
306 1882
307 1897
308 1887
309 1896
310 1897
311 1897
312 1891
313 1897
314 1895
315 1897
316 1882
317 1897
318 1897
319 1868
320 1897
321 1888
322 1897
323 1896
324 1897
325 1872
326 1897
327 1894
328 1897
329 1894
330 1881
331 1856
332 1897
333 1896
334 1897
335 1896
336 1897
337 1892
338 1879
339 1897
340 1888
341 1866
342 1896
343 1892
344 1880
345 1897
346 1897
347 1897
348 1897
349 1897
350 1888
351 1892
352 1863
353 1896
354 1871
355 1893
356 1893
357 1893
358 1880
359 1896
360 1892
361 1896
362 1891
363 1896
364 1881
365 1896
366 1895
367 1893
368 1897
369 1894
370 1863
371 1894
372 1865
373 1894
374 1897
375 1895
376 1880
377 1895
378 1897
379 1895
380 1897
381 1883
382 1897
383 1881
384 1897
385 1888
386 1897
387 1895
388 1897
389 1882
390 1897
391 1881
392 1897
393 1894
394 1880
395 1897
396 1895
397 1888
398 1895
399 1897
400 1888
401 1897
402 1882
403 1897
404 1894
405 1896
406 1882
407 1897
408 1895
409 1880
410 1895
411 1879
412 1895
413 1895
414 1893
415 1878
416 1893
417 1895
418 1892
419 1883
420 1897
421 1897
422 1875
423 1897
424 1878
425 1897
426 1895
427 1897
428 1897
429 1897
430 1846
431 2084
432 2097
433 2082
434 2075
435 2087
436 2096
437 2096
438 2067
439 2096
440 2087
441 2083
442 2090
443 2078
444 2094
445 2094
446 2094
447 2072
448 2081
449 2085
450 2092
451 2090
452 2087
453 2072
454 2081
455 2068
456 2077
457 2092
458 2085
459 2087
460 2091
461 2097
462 2088
463 2065
464 2097
465 2096
466 2065
467 2092
468 2096
469 2097
470 2096
471 2097
472 2096
473 2097
474 2084
475 2097
476 2096
477 2097
478 2096
479 2092
480 2077
481 2088
482 2097
483 2084
484 2097
485 2091
486 2097
487 2065
488 2094
489 2095
490 2095
491 2095
492 2082
493 2096
494 2096
495 2081
496 2067
497 2095
498 2094
499 2095
500 2094
501 2095
502 2089
503 2082
504 2094
505 2094
506 2094
507 2094
508 2094
509 2056
510 2071
511 2096
512 2065
513 2094
514 2094
515 2094
516 2090
517 2097
518 2097
519 2087
520 2096
521 2086
522 2072
523 2097
524 2097
525 2097
526 2097
527 2082
528 2096
529 2089
530 2096
531 2096
532 2096
533 2096
534 2058
535 2083
536 2096
537 2090
538 2097
539 2097
540 2097
541 2085
542 2097
543 2097
544 2087
545 2096
546 2096
547 2083
548 2061
549 2097
550 2090
551 2097
552 2097
553 2085
554 2097
555 2097
556 2097
557 2088
558 2097
559 2068
560 2091
561 2097
562 2061
563 2074
564 2097
565 2093
566 2097
567 2093
568 2097
569 2063
570 2087
571 2096
572 2097
573 2097
574 2097
575 2090
576 2097
577 2097
578 2097
579 2093
580 2056
581 2097
582 2097
583 2097
584 2074
585 2088
586 2097
587 2078
588 2097
589 2097
590 2097
591 2097
592 2091
593 2074
594 2062
595 2097
596 2097
597 2088
598 2097
599 2078
600 2084
601 2097
602 2097
603 2097
604 2097
605 2097
606 2064
607 2095
608 2073
609 2085
610 2096
611 2096
612 2096
613 2096
614 2096
615 2088
616 2097
617 2097
618 2083
619 2097
620 2097
621 2086
622 2097
623 2096
624 2092
625 2092
626 2083
627 2096
628 2097
629 2097
630 2083
631 2097
632 2078
633 2054
634 2094
635 2097
636 2097
637 2097
638 2071
639 2097
640 2093
641 2097
642 2085
643 2097
644 2097
645 2090
646 2087
647 2096
648 2096
649 2096
650 2087
651 2096
652 2070
653 2085
654 2092
655 2092
656 2096
657 2096
658 2096
659 2096
660 2086
661 2071
662 2078
663 2080
664 2096
665 2095
666 2096
667 2095
668 2080
669 2095
670 2044
671 2095
672 2084
673 2095
674 2096
675 2089
676 2096
677 2081
678 2096
679 2096
680 2096
681 2096
682 2092
683 2096
684 2094
685 2078
686 2093
687 2096
688 2093
689 2096
690 2093
691 2067
692 2093
693 2095
694 2091
695 2095
696 2095
697 2095
698 2080
699 2070
700 2079
701 2088
702 2097
703 2096
704 2044
705 2096
706 2097
707 2082
708 2097
709 2088
710 2097
711 2097
712 2097
713 2088
714 2097
715 2093
716 2093
717 2092
718 2077
719 2096
720 2097
721 2088
722 2077
723 2091
724 2091
725 2094
726 2096
727 2096
728 2096
729 2047
730 2085
731 2095
732 2091
733 2084
734 2097
735 2097
736 2094
737 2092
738 2077
739 2067
740 2084
741 2095
742 2095
743 2089
744 2096
745 2086
746 2096
747 2096
748 2096
749 2087
750 2097
751 2097
752 2097
753 2097
754 2097
755 2057
756 2097
757 2087
758 2097
759 2097
760 2062
761 2093
762 2091
763 2077
764 2092
765 2095
766 2097
767 2095
768 2097
769 2087
770 2071
771 2097
772 2088
773 2097
774 2097
775 2097
776 2082
777 2092
778 2092
779 2090
780 2074
781 2092
782 2094
783 2081
784 2096
785 2096
786 2096
787 2096
788 2096
789 2086
790 2096
791 2096
792 2096
793 2085
794 2092
795 2074
796 2088
797 2088
798 2097
799 2097
800 2097
801 2087
802 2094
803 2093
804 2079
805 2093
806 2097
807 2082
808 2093
809 2078
810 2071
811 2093
812 2093
813 2064
814 2089
815 2080
816 2069
817 2094
818 2087
819 2096
820 2070
821 2085
822 2085
823 2088
824 2097
825 2087
826 2097
827 2097
828 2097
829 2082
830 2096
831 2087
832 2088
833 2097
834 2096
835 2097
836 2096
837 2086
838 2079
839 2094
840 2096
841 2097
842 2097
843 2097
844 2082
845 2095
846 2080
847 2087
848 2096
849 2092
850 2096
851 2096
852 2087
853 2096
854 2092
855 2096
856 2048
857 2097
858 2069
859 2097
860 2088
861 2097
862 2084
863 2097
864 2087
865 2097
866 2077
867 2096
868 2096
869 2096
870 2096
871 2096
872 2072
873 2097
874 2083
875 2097
876 2097
877 2097
878 2084
879 2066
880 2097
881 2097
882 2097
883 2068
884 2094
885 2096
886 2096
887 2096
888 2096
889 2096
890 2096
891 2056
892 2087
893 2096
894 2096
895 2096
896 2096
897 2096
898 2094
899 2078
900 2095
901 2097
902 2097
903 2097
904 2089
905 2080
906 2096
907 2090
908 2097
909 2097
910 2097
911 2097
912 2096
913 2092
914 2096
915 2097
916 2097
917 2097
918 2097
919 2090
920 2097
921 2097
922 2097
923 2097
924 2097
925 2093
926 2084
927 2096
928 2082
929 2065
930 2096
931 2096
932 2096
933 2096
934 2096
935 2096
936 2062
937 2097
938 2089
939 2097
940 2097
941 2097
942 2097
943 2086
944 2097
945 2081
946 2097
947 2085
948 2094
949 2095
950 2095
951 2095
952 2086
953 2095
954 2088
955 2092
956 2095
957 2092
958 2095
959 2092
960 2088
961 2094
962 2097
963 2097
964 2097
965 2097
966 2097
967 2093
968 2069
969 2086
970 2095
971 2095
972 2095
973 2068
974 2097
975 2078
976 2093
977 2096
978 2096
979 2096
980 2096
981 2079
982 2096
983 2092
984 2096
985 2081
986 2097
987 2094
988 2097
989 2094
990 2097
991 2088
992 2037
993 2096
994 2084
995 2080
996 2095
997 2079
998 2095
999 2096
1000 2096
1001 2096
