knapPI_3_2000_1000_1
28919
1 12519
2 12519
3 12519
4 12519
5 12519
6 12519
7 12519
8 12519
9 12519
10 12519
11 12519
12 12519
13 12519
14 12519
15 12519
16 12519
17 12519
18 12519
19 12519
20 12519
21 12519
22 12519
23 12519
24 12519
25 12519
26 12519
27 12519
28 12519
29 12519
30 12519
31 12519
32 12519
33 12519
34 12519
35 12519
36 12519
37 12519
38 12519
39 12519
40 12519
41 12519
42 12519
43 12519
44 12519
45 12519
46 12519
47 12519
48 12519
49 12519
50 12519
51 12519
52 12519
53 12519
54 12519
55 12519
56 12519
57 12519
58 12519
59 12519
60 12519
61 12519
62 12519
63 12519
64 12519
65 12519
66 12519
67 12519
68 12519
69 12519
70 12519
71 12519
72 12519
73 12519
74 12519
75 12519
76 12519
77 12519
78 12519
79 12519
80 12519
81 12519
82 12519
83 12519
84 12519
85 12519
86 12519
87 12519
88 12519
89 12519
90 12519
91 12519
92 12519
93 12519
94 12519
95 12519
96 12519
97 12519
98 12519
99 12519
100 12519
101 12519
102 12519
103 12519
104 12519
105 12519
106 12519
107 12519
108 12519
109 12519
110 12519
111 12519
112 12519
113 12519
114 12519
115 12519
116 12519
117 12519
118 12519
119 12519
120 12519
121 12519
122 12519
123 12519
124 12519
125 12519
126 12519
127 12519
128 12519
129 12519
130 12519
131 12519
132 12519
133 12519
134 12519
135 12519
136 12519
137 12519
138 12519
139 12519
140 12519
141 12519
142 12519
143 12519
144 12519
145 12519
146 12519
147 12519
148 12519
149 12519
150 12519
151 12519
152 12519
153 12519
154 12519
155 12519
156 12519
157 12519
158 12519
159 12519
160 12519
161 12519
162 12519
163 12519
164 12519
165 12519
166 12519
167 12519
168 12519
169 12519
170 12519
171 12519
172 12519
173 12519
174 12519
175 12519
176 12519
177 12519
178 12519
179 12519
180 12519
181 12519
182 12519
183 12519
184 12519
185 12519
186 12519
187 12519
188 12519
189 12519
190 12519
191 12519
192 12519
193 12519
194 12519
195 12519
196 12519
197 12519
198 12519
199 12519
200 12519
201 12519
202 12519
203 12519
204 12519
205 12519
206 12519
207 12519
208 12519
209 12519
210 12519
211 12519
212 12519
213 12519
214 12519
215 12519
216 12519
217 12519
218 12519
219 12519
220 12519
221 12519
222 12519
223 12519
224 12519
225 12519
226 12519
227 12519
228 12519
229 12519
230 12519
231 12519
232 12519
233 12519
234 12519
235 12519
236 12519
237 12519
238 12519
239 12519
240 12519
241 12519
242 12519
243 12519
244 12519
245 12519
246 12519
247 12519
248 12519
249 12519
250 12519
251 12519
252 12519
253 12519
254 12519
255 12519
256 12519
257 12519
258 12519
259 12519
260 12519
261 12519
262 12519
263 12519
264 12519
265 12519
266 12519
267 12519
268 12519
269 12519
270 12519
271 12519
272 12519
273 12519
274 12519
275 12519
276 12519
277 12519
278 12519
279 12519
280 12519
281 12519
282 12519
283 12519
284 12519
285 12519
286 12519
287 12519
288 12519
289 12519
290 12519
291 12519
292 12519
293 12519
294 12519
295 12519
296 12519
297 12519
298 12519
299 12519
300 12519
301 12519
302 12519
303 12519
304 12519
305 12519
306 12519
307 12519
308 12519
309 12519
310 12519
311 12519
312 12519
313 12519
314 12519
315 12519
316 12519
317 12519
318 12519
319 12519
320 12519
321 12519
322 12519
323 12519
324 12519
325 12519
326 12519
327 12519
328 12519
329 12519
330 12519
331 12519
332 12519
333 12519
334 12519
335 12519
336 12519
337 12519
338 12519
339 12519
340 12519
341 12519
342 12519
343 12519
344 12519
345 12519
346 12519
347 12519
348 12519
349 12519
350 12519
351 12519
352 12519
353 12519
354 12519
355 12519
356 12519
357 12519
358 12519
359 12519
360 12519
361 12519
362 12519
363 12519
364 12519
365 12519
366 12519
367 12519
368 12519
369 12519
370 12519
371 12519
372 12519
373 12519
374 12519
375 12519
376 12519
377 12519
378 12519
379 12519
380 12519
381 12519
382 12519
383 12519
384 12519
385 12519
386 12519
387 12519
388 12519
389 12519
390 12519
391 12519
392 12519
393 12519
394 12519
395 12519
396 12519
397 12519
398 12519
399 12519
400 12519
401 12519
402 12519
403 12519
404 12519
405 12519
406 12519
407 12519
408 12519
409 12519
410 12519
411 12519
412 12519
413 12519
414 12519
415 12519
416 12519
417 12519
418 12519
419 12519
420 12519
421 12519
422 12519
423 12519
424 12519
425 12519
426 12519
427 12519
428 12519
429 12519
430 12519
431 12519
432 12519
433 12519
434 12519
435 12519
436 12519
437 12519
438 12519
439 12519
440 12519
441 12519
442 12519
443 12519
444 12519
445 12519
446 12519
447 12519
448 12519
449 12519
450 12519
451 12519
452 12519
453 12519
454 12519
455 12519
456 12519
457 12519
458 12519
459 12519
460 12519
461 12519
462 12519
463 12519
464 12519
465 12519
466 12519
467 12519
468 12519
469 12519
470 12519
471 12519
472 12519
473 12519
474 12519
475 12519
476 12519
477 12519
478 12519
479 12519
480 12519
481 12519
482 12519
483 12519
484 12519
485 12519
486 12519
487 12519
488 12519
489 12519
490 12519
491 12519
492 12519
493 12519
494 12519
495 12519
496 12519
497 12519
498 12519
499 12519
500 12519
501 12519
502 12519
503 12519
504 12519
505 12519
506 12519
507 12519
508 12519
509 12519
510 12519
511 12519
512 12519
513 12519
514 12519
515 12519
516 12519
517 12519
518 12519
519 12519
520 12519
521 12519
522 12519
523 12519
524 12519
525 12519
526 12519
527 12519
528 12519
529 12519
530 12519
531 12519
532 12519
533 12519
534 12519
535 12519
536 12519
537 12519
538 12519
539 12519
540 12519
541 12519
542 12519
543 12519
544 12519
545 12519
546 12519
547 12519
548 12519
549 12519
550 12519
551 12519
552 12519
553 12519
554 12519
555 12519
556 12519
557 12519
558 12519
559 12519
560 12519
561 12519
562 12519
563 12519
564 12519
565 12519
566 12519
567 12519
568 12519
569 12519
570 12519
571 12519
572 12519
573 12519
574 12519
575 12519
576 12519
577 12519
578 12519
579 12519
580 12519
581 12519
582 12519
583 12519
584 12519
585 12519
586 12519
587 12519
588 12519
589 12519
590 12519
591 12519
592 12519
593 12519
594 12519
595 12519
596 12519
597 12519
598 12519
599 12519
600 12519
601 12519
602 12519
603 12519
604 12519
605 12519
606 12519
607 12519
608 12519
609 12519
610 12519
611 12519
612 12519
613 12519
614 12519
615 12519
616 12519
617 12519
618 12519
619 12519
620 12519
621 12519
622 12519
623 12519
624 12519
625 12519
626 12519
627 12519
628 12519
629 12519
630 12519
631 12519
632 12519
633 12519
634 12519
635 12519
636 12519
637 12519
638 12519
639 12519
640 12519
641 12519
642 12519
643 12519
644 12519
645 12519
646 12519
647 12519
648 12519
649 12519
650 12519
651 12519
652 12519
653 12519
654 12519
655 12519
656 12519
657 12519
658 12519
659 12519
660 12519
661 12519
662 12519
663 12519
664 12519
665 12519
666 12519
667 12519
668 12519
669 12519
670 12519
671 12519
672 12519
673 12519
674 12519
675 12519
676 12519
677 12519
678 12519
679 12519
680 12519
681 12519
682 12519
683 12519
684 12519
685 12519
686 12519
687 12519
688 12519
689 12519
690 12519
691 12519
692 12519
693 12519
694 12519
695 12519
696 12519
697 12519
698 12519
699 12519
700 12519
701 12519
702 12519
703 12519
704 12519
705 12519
706 12519
707 12519
708 12519
709 12519
710 12519
711 12519
712 12519
713 12519
714 12519
715 12519
716 12519
717 12519
718 12519
719 12519
720 12519
721 12519
722 12519
723 12519
724 12519
725 12519
726 12519
727 12519
728 12519
729 12519
730 12519
731 12519
732 12519
733 12519
734 12519
735 12519
736 12519
737 12519
738 12519
739 12519
740 12519
741 12519
742 12519
743 12519
744 12519
745 12519
746 12519
747 12519
748 12519
749 12519
750 12519
751 12519
752 12519
753 12519
754 12519
755 12519
756 12519
757 12519
758 12519
759 12519
760 12519
761 12519
762 12519
763 12519
764 12519
765 12519
766 12519
767 12519
768 12519
769 12519
770 12519
771 12519
772 12519
773 12519
774 12519
775 12519
776 12519
777 12519
778 12519
779 12519
780 12519
781 12519
782 12519
783 12519
784 12519
785 12519
786 12519
787 12519
788 12519
789 12519
790 12519
791 12519
792 12519
793 12519
794 12519
795 12519
796 12519
797 12519
798 12519
799 12519
800 12519
801 12519
802 12519
803 12519
804 12519
805 12519
806 12519
807 12519
808 12519
809 12519
810 12519
811 12519
812 12519
813 12519
814 12519
815 12519
816 12519
817 12519
818 12519
819 12519
820 12519
821 12519
822 12519
823 12519
824 12519
825 12519
826 12519
827 12519
828 12519
829 12519
830 12519
831 12519
832 12519
833 12519
834 12519
835 12519
836 12519
837 12519
838 12519
839 12519
840 12519
841 12519
842 12519
843 12519
844 12519
845 12519
846 12519
847 12519
848 12519
849 12519
850 12519
851 12519
852 12519
853 12519
854 12519
855 12519
856 12519
857 12519
858 12519
859 12519
860 12519
861 12519
862 12519
863 12519
864 12519
865 12519
866 12519
867 12519
868 12519
869 12519
870 12519
871 12519
872 12519
873 12519
874 12519
875 12519
876 12519
877 12519
878 12519
879 12519
880 12519
881 12519
882 12519
883 12519
884 12519
885 12519
886 12519
887 12519
888 12519
889 12519
890 12519
891 12519
892 12519
893 12519
894 12519
895 12519
896 12519
897 12519
898 12519
899 12519
900 12519
901 12519
902 12519
903 12519
904 12519
905 12519
906 12519
907 12519
908 12519
909 12519
910 12519
911 12519
912 12519
913 12519
914 12519
915 12519
916 12519
917 12519
918 12519
919 12519
920 12519
921 12519
922 12519
923 12519
924 12519
925 12519
926 12519
927 12519
928 12519
929 12519
930 12519
931 12519
932 12519
933 12519
934 12519
935 12519
936 12519
937 12519
938 12519
939 12519
940 12519
941 12519
942 12519
943 12519
944 12519
945 12519
946 12519
947 12519
948 12519
949 12519
950 12519
951 12519
952 12519
953 12519
954 12519
955 12519
956 12519
957 12519
958 12519
959 12519
960 12519
961 12519
962 12519
963 12519
964 12519
965 12519
966 12519
967 12519
968 12519
969 12519
970 12519
971 12519
972 12519
973 12519
974 12519
975 12519
976 12519
977 12519
978 12519
979 12519
980 12519
981 12519
982 12519
983 12519
984 12519
985 12519
986 12519
987 12519
988 12519
989 12519
990 12519
991 12519
992 12519
993 12519
994 12519
995 12519
996 12519
997 12519
998 12519
999 12519
1000 12519
1001 12519
