knapPI_1_500_1000_1
28857
1 4926
2 5680
3 7669
4 9482
5 10078
6 10654
7 12508
8 13033
9 13355
10 15014
11 15491
12 15800
13 17596
14 18171
15 18401
16 19984
17 20307
18 20399
19 20937
20 21013
21 22587
22 22500
23 22664
24 22650
25 23060
26 23062
27 23757
28 23788
29 23693
30 24109
31 24173
32 25330
33 25342
34 25914
35 25891
36 26234
37 26124
38 26455
39 26429
40 26250
41 26155
42 26213
43 26173
44 26099
45 26012
46 26335
47 26514
48 26588
49 26675
50 26736
51 26760
52 26746
53 26692
54 27023
55 27054
56 27652
57 27615
58 27652
59 27615
60 27652
61 27615
62 27652
63 27615
64 27652
65 27615
66 27652
67 27615
68 27652
69 27615
70 27652
71 27615
72 27652
73 27615
74 27652
75 27615
76 27652
77 27615
78 27652
79 27615
80 27652
81 27615
82 27652
83 27615
84 27652
85 27615
86 27652
87 27615
88 27652
89 27615
90 27652
91 27615
92 27652
93 27615
94 27652
95 27615
96 27652
97 27615
98 27652
99 27615
100 27652
101 27615
102 27652
103 27615
104 27652
105 27615
106 27652
107 27615
108 27652
109 27615
110 27652
111 27615
112 27652
113 27615
114 27652
115 27615
116 27652
117 27615
118 27652
119 27615
120 27652
121 27615
122 27652
123 27615
124 27652
125 27615
126 27652
127 27615
128 27652
129 27615
130 27652
131 27615
132 27652
133 27615
134 27652
135 27615
136 27652
137 27615
138 27652
139 27615
140 27652
141 27615
142 27652
143 27615
144 27652
145 27615
146 27652
147 27615
148 27652
149 27615
150 27652
151 27615
152 27652
153 27615
154 27652
155 27615
156 27652
157 27615
158 27652
159 27615
160 27652
161 27615
162 27652
163 27615
164 27652
165 27615
166 27652
167 27615
168 27652
169 27615
170 27652
171 27615
172 27652
173 27615
174 27652
175 27615
176 27652
177 27615
178 27652
179 27615
180 27652
181 27615
182 27652
183 27615
184 27652
185 27615
186 27652
187 27615
188 27652
189 27615
190 27652
191 27615
192 27652
193 27615
194 27652
195 27615
196 27652
197 27615
198 27652
199 27615
200 27652
201 27615
202 27652
203 27615
204 27652
205 27615
206 27652
207 27615
208 27652
209 27615
210 27652
211 27615
212 27652
213 27615
214 27652
215 27615
216 27652
217 27615
218 27652
219 27615
220 27652
221 27615
222 27652
223 27615
224 27652
225 27615
226 27652
227 27615
228 27652
229 27615
230 27652
231 27615
232 27652
233 27615
234 27652
235 27615
236 27652
237 27615
238 27652
239 27615
240 27652
241 27615
242 27652
243 27615
244 27652
245 27615
246 27652
247 27615
248 27652
249 27615
250 27652
251 27615
252 27652
253 27615
254 27652
255 27615
256 27652
257 27615
258 27652
259 27615
260 27652
261 27615
262 27652
263 27615
264 27652
265 27615
266 27652
267 27615
268 27652
269 27615
270 27652
271 27615
272 27652
273 27615
274 27652
275 27615
276 27652
277 27615
278 27652
279 27615
280 27652
281 27615
282 27652
283 27615
284 27652
285 27615
286 27652
287 27615
288 27652
289 27615
290 27652
291 27615
292 27652
293 27615
294 27652
295 27615
296 27652
297 27615
298 27652
299 27615
300 27652
301 27615
302 27652
303 27615
304 27652
305 27615
306 27652
307 27615
308 27652
309 27615
310 27652
311 27615
312 27652
313 27615
314 27652
315 27615
316 27652
317 27615
318 27652
319 27615
320 27652
321 27615
322 27652
323 27615
324 27652
325 27615
326 27652
327 27615
328 27652
329 27615
330 27652
331 27615
332 27652
333 27615
334 27652
335 27615
336 27652
337 27615
338 27652
339 27615
340 27652
341 27615
342 27652
343 27615
344 27652
345 27615
346 27652
347 27615
348 27652
349 27615
350 27652
351 27615
352 27652
353 27615
354 27652
355 27615
356 27652
357 27615
358 27652
359 27615
360 27652
361 27615
362 27652
363 27615
364 27652
365 27615
366 27652
367 27615
368 27652
369 27615
370 27652
371 27615
372 27652
373 27615
374 27652
375 27615
376 27652
377 27615
378 27652
379 27615
380 27652
381 27615
382 27652
383 27615
384 27652
385 27615
386 27652
387 27615
388 27652
389 27615
390 27652
391 27615
392 27652
393 27615
394 27652
395 27615
396 27652
397 27615
398 27652
399 27615
400 27652
401 27615
402 27652
403 27615
404 27652
405 27615
406 27652
407 27615
408 27652
409 27615
410 27652
411 27615
412 27652
413 27615
414 27652
415 27615
416 27652
417 27615
418 27652
419 27615
420 27652
421 27615
422 27652
423 27615
424 27652
425 27615
426 27652
427 27615
428 27652
429 27615
430 27652
431 27615
432 27652
433 27615
434 27652
435 27615
436 27652
437 27615
438 27652
439 27615
440 27652
441 27615
442 27652
443 27615
444 27652
445 27615
446 27652
447 27615
448 27652
449 27615
450 27652
451 27615
452 27652
453 27615
454 27652
455 27615
456 27652
457 27615
458 27652
459 27615
460 27652
461 27615
462 27652
463 27615
464 27652
465 27615
466 27652
467 27615
468 27652
469 27615
470 27652
471 27615
472 27652
473 27615
474 27652
475 27615
476 27652
477 27615
478 27652
479 27615
480 27652
481 27615
482 27652
483 27615
484 27652
485 27615
486 27652
487 27615
488 27652
489 27615
490 27652
491 27615
492 27652
493 27615
494 27652
495 27615
496 27652
497 27615
498 27652
499 27615
500 27652
501 27615
502 27652
503 27615
504 27652
505 27615
506 27652
507 27615
508 27652
509 27615
510 27652
511 27615
512 27652
513 27615
514 27652
515 27615
516 27652
517 27615
518 27652
519 27615
520 27652
521 27615
522 27652
523 27615
524 27652
525 27615
526 27652
527 27615
528 27652
529 27615
530 27652
531 27615
532 27652
533 27615
534 27652
535 27615
536 27652
537 27615
538 27652
539 27615
540 27652
541 27615
542 27652
543 27615
544 27652
545 27615
546 27652
547 27615
548 27652
549 27615
550 27652
551 27615
552 27652
553 27615
554 27652
555 27615
556 27652
557 27615
558 27652
559 27615
560 27652
561 27615
562 27652
563 27615
564 27652
565 27615
566 27652
567 27615
568 27652
569 27615
570 27652
571 27615
572 27652
573 27615
574 27652
575 27615
576 27652
577 27615
578 27652
579 27615
580 27652
581 27615
582 27652
583 27615
584 27652
585 27615
586 27652
587 27615
588 27652
589 27615
590 27652
591 27615
592 27652
593 27615
594 27652
595 27615
596 27652
597 27615
598 27652
599 27615
600 27652
601 27615
602 27652
603 27615
604 27652
605 27615
606 27652
607 27615
608 27652
609 27615
610 27652
611 27615
612 27652
613 27615
614 27652
615 27615
616 27652
617 27615
618 27652
619 27615
620 27652
621 27615
622 27652
623 27615
624 27652
625 27615
626 27652
627 27615
628 27652
629 27615
630 27652
631 27615
632 27652
633 27615
634 27652
635 27615
636 27652
637 27615
638 27652
639 27615
640 27652
641 27615
642 27652
643 27615
644 27652
645 27615
646 27652
647 27615
648 27652
649 27615
650 27652
651 27615
652 27652
653 27615
654 27652
655 27615
656 27652
657 27615
658 27652
659 27615
660 27652
661 27615
662 27652
663 27615
664 27652
665 27615
666 27652
667 27615
668 27652
669 27615
670 27652
671 27615
672 27652
673 27615
674 27652
675 27615
676 27652
677 27615
678 27652
679 27615
680 27652
681 27615
682 27652
683 27615
684 27652
685 27615
686 27652
687 27615
688 27652
689 27615
690 27652
691 27615
692 27652
693 27615
694 27652
695 27615
696 27652
697 27615
698 27652
699 27615
700 27652
701 27615
702 27652
703 27615
704 27652
705 27615
706 27652
707 27615
708 27652
709 27615
710 27652
711 27615
712 27652
713 27615
714 27652
715 27615
716 27652
717 27615
718 27652
719 27615
720 27652
721 27615
722 27652
723 27615
724 27652
725 27615
726 27652
727 27615
728 27652
729 27615
730 27652
731 27615
732 27652
733 27615
734 27652
735 27615
736 27652
737 27615
738 27652
739 27615
740 27652
741 27615
742 27652
743 27615
744 27652
745 27615
746 27652
747 27615
748 27652
749 27615
750 27652
751 27615
752 27652
753 27615
754 27652
755 27615
756 27652
757 27615
758 27652
759 27615
760 27652
761 27615
762 27652
763 27615
764 27652
765 27615
766 27652
767 27615
768 27652
769 27615
770 27652
771 27615
772 27652
773 27615
774 27652
775 27615
776 27652
777 27615
778 27652
779 27615
780 27652
781 27615
782 27652
783 27615
784 27652
785 27615
786 27652
787 27615
788 27652
789 27615
790 27652
791 27615
792 27652
793 27615
794 27652
795 27615
796 27652
797 27615
798 27652
799 27615
800 27652
801 27615
802 27652
803 27615
804 27652
805 27615
806 27652
807 27615
808 27652
809 27615
810 27652
811 27615
812 27652
813 27615
814 27652
815 27615
816 27652
817 27615
818 27652
819 27615
820 27652
821 27615
822 27652
823 27615
824 27652
825 27615
826 27652
827 27615
828 27652
829 27615
830 27652
831 27615
832 27652
833 27615
834 27652
835 27615
836 27652
837 27615
838 27652
839 27615
840 27652
841 27615
842 27652
843 27615
844 27652
845 27615
846 27652
847 27615
848 27652
849 27615
850 27652
851 27615
852 27652
853 27615
854 27652
855 27615
856 27652
857 27615
858 27652
859 27615
860 27652
861 27615
862 27652
863 27615
864 27652
865 27615
866 27652
867 27615
868 27652
869 27615
870 27652
871 27615
872 27652
873 27615
874 27652
875 27615
876 27652
877 27615
878 27652
879 27615
880 27652
881 27615
882 27652
883 27615
884 27652
885 27615
886 27652
887 27615
888 27652
889 27615
890 27652
891 27615
892 27652
893 27615
894 27652
895 27615
896 27652
897 27615
898 27652
899 27615
900 27652
901 27615
902 27652
903 27615
904 27652
905 27615
906 27652
907 27615
908 27652
909 27615
910 27652
911 27615
912 27652
913 27615
914 27652
915 27615
916 27652
917 27615
918 27652
919 27615
920 27652
921 27615
922 27652
923 27615
924 27652
925 27615
926 27652
927 27615
928 27652
929 27615
930 27652
931 27615
932 27652
933 27615
934 27652
935 27615
936 27652
937 27615
938 27652
939 27615
940 27652
941 27615
942 27652
943 27615
944 27652
945 27615
946 27652
947 27615
948 27652
949 27615
950 27652
951 27615
952 27652
953 27615
954 27652
955 27615
956 27652
957 27615
958 27652
959 27615
960 27652
961 27615
962 27652
963 27615
964 27652
965 27615
966 27652
967 27615
968 27652
969 27615
970 27652
971 27615
972 27652
973 27615
974 27652
975 27615
976 27652
977 27615
978 27652
979 27615
980 27652
981 27615
982 27652
983 27615
984 27652
985 27615
986 27652
987 27615
988 27652
989 27615
990 27652
991 27615
992 27652
993 27615
994 27652
995 27615
996 27652
997 27615
998 27652
999 27615
1000 27652
1001 27615
