knapPI_2_2000_1000_1
18051
1 10353
2 10540
3 10695
4 10829
5 10953
6 11096
7 11216
8 11324
9 11439
10 11543
11 11611
12 11696
13 11757
14 11798
15 11840
16 11878
17 11917
18 11946
19 11981
20 12008
21 12056
22 12081
23 12079
24 12077
25 12117
26 12119
27 12115
28 12111
29 12147
30 12151
31 12149
32 12151
33 12149
34 12151
35 12149
36 12151
37 12149
38 12151
39 12149
40 12151
41 12149
42 12151
43 12149
44 12151
45 12149
46 12151
47 12149
48 12151
49 12149
50 12151
51 12149
52 12151
53 12149
54 12151
55 12149
56 12151
57 12149
58 12151
59 12149
60 12151
61 12149
62 12151
63 12149
64 12151
65 12149
66 12151
67 12149
68 12151
69 12149
70 12151
71 12149
72 12151
73 12149
74 12151
75 12149
76 12151
77 12149
78 12151
79 12149
80 12151
81 12149
82 12151
83 12149
84 12151
85 12149
86 12151
87 12149
88 12151
89 12149
90 12151
91 12149
92 12151
93 12149
94 12151
95 12149
96 12151
97 12149
98 12151
99 12149
100 12151
101 12149
102 12151
103 12149
104 12151
105 12149
106 12151
107 12149
108 12151
109 12149
110 12151
111 12149
112 12151
113 12149
114 12151
115 12149
116 12151
117 12149
118 12151
119 12149
120 12151
121 12149
122 12151
123 12149
124 12151
125 12149
126 12151
127 12149
128 12151
129 12149
130 12151
131 12149
132 12151
133 12149
134 12151
135 12149
136 12151
137 12149
138 12151
139 12149
140 12151
141 12149
142 12151
143 12149
144 12151
145 12149
146 12151
147 12149
148 12151
149 12149
150 12151
151 12149
152 12151
153 12149
154 12151
155 12149
156 12151
157 12149
158 12151
159 12149
160 12151
161 12149
162 12151
163 12149
164 12151
165 12149
166 12151
167 12149
168 12151
169 12149
170 12151
171 12149
172 12151
173 12149
174 12151
175 12149
176 12151
177 12149
178 12151
179 12149
180 12151
181 12149
182 12151
183 12149
184 12151
185 12149
186 12151
187 12149
188 12151
189 12149
190 12151
191 12149
192 12151
193 12149
194 12151
195 12149
196 12151
197 12149
198 12151
199 12149
200 12151
201 12149
202 12151
203 12149
204 12151
205 12149
206 12151
207 12149
208 12151
209 12149
210 12151
211 12149
212 12151
213 12149
214 12151
215 12149
216 12151
217 12149
218 12151
219 12149
220 12151
221 12149
222 12151
223 12149
224 12151
225 12149
226 12151
227 12149
228 12151
229 12149
230 12151
231 12149
232 12151
233 12149
234 12151
235 12149
236 12151
237 12149
238 12151
239 12149
240 12151
241 12149
242 12151
243 12149
244 12151
245 12149
246 12151
247 12149
248 12151
249 12149
250 12151
251 12149
252 12151
253 12149
254 12151
255 12149
256 12151
257 12149
258 12151
259 12149
260 12151
261 12149
262 12151
263 12149
264 12151
265 12149
266 12151
267 12149
268 12151
269 12149
270 12151
271 12149
272 12151
273 12149
274 12151
275 12149
276 12151
277 12149
278 12151
279 12149
280 12151
281 12149
282 12151
283 12149
284 12151
285 12149
286 12151
287 12149
288 12151
289 12149
290 12151
291 12149
292 12151
293 12149
294 12151
295 12149
296 12151
297 12149
298 12151
299 12149
300 12151
301 12149
302 12151
303 12149
304 12151
305 12149
306 12151
307 12149
308 12151
309 12149
310 12151
311 12149
312 12151
313 12149
314 12151
315 12149
316 12151
317 12149
318 12151
319 12149
320 12151
321 12149
322 12151
323 12149
324 12151
325 12149
326 12151
327 12149
328 12151
329 12149
330 12151
331 12149
332 12151
333 12149
334 12151
335 12149
336 12151
337 12149
338 12151
339 12149
340 12151
341 12149
342 12151
343 12149
344 12151
345 12149
346 12151
347 12149
348 12151
349 12149
350 12151
351 12149
352 12151
353 12149
354 12151
355 12149
356 12151
357 12149
358 12151
359 12149
360 12151
361 12149
362 12151
363 12149
364 12151
365 12149
366 12151
367 12149
368 12151
369 12149
370 12151
371 12149
372 12151
373 12149
374 12151
375 12149
376 12151
377 12149
378 12151
379 12149
380 12151
381 12149
382 12151
383 12149
384 12151
385 12149
386 12151
387 12149
388 12151
389 12149
390 12151
391 12149
392 12151
393 12149
394 12151
395 12149
396 12151
397 12149
398 12151
399 12149
400 12151
401 12149
402 12151
403 12149
404 12151
405 12149
406 12151
407 12149
408 12151
409 12149
410 12151
411 12149
412 12151
413 12149
414 12151
415 12149
416 12151
417 12149
418 12151
419 12149
420 12151
421 12149
422 12151
423 12149
424 12151
425 12149
426 12151
427 12149
428 12151
429 12149
430 12151
431 12149
432 12151
433 12149
434 12151
435 12149
436 12151
437 12149
438 12151
439 12149
440 12151
441 12149
442 12151
443 12149
444 12151
445 12149
446 12151
447 12149
448 12151
449 12149
450 12151
451 12149
452 12151
453 12149
454 12151
455 12149
456 12151
457 12149
458 12151
459 12149
460 12151
461 12149
462 12151
463 12149
464 12151
465 12149
466 12151
467 12149
468 12151
469 12149
470 12151
471 12149
472 12151
473 12149
474 12151
475 12149
476 12151
477 12149
478 12151
479 12149
480 12151
481 12149
482 12151
483 12149
484 12151
485 12149
486 12151
487 12149
488 12151
489 12149
490 12151
491 12149
492 12151
493 12149
494 12151
495 12149
496 12151
497 12149
498 12151
499 12149
500 12151
501 12149
502 12151
503 12149
504 12151
505 12149
506 12151
507 12149
508 12151
509 12149
510 12151
511 12149
512 12151
513 12149
514 12151
515 12149
516 12151
517 12149
518 12151
519 12149
520 12151
521 12149
522 12151
523 12149
524 12151
525 12149
526 12151
527 12149
528 12151
529 12149
530 12151
531 12149
532 12151
533 12149
534 12151
535 12149
536 12151
537 12149
538 12151
539 12149
540 12151
541 12149
542 12151
543 12149
544 12151
545 12149
546 12151
547 12149
548 12151
549 12149
550 12151
551 12149
552 12151
553 12149
554 12151
555 12149
556 12151
557 12149
558 12151
559 12149
560 12151
561 12149
562 12151
563 12149
564 12151
565 12149
566 12151
567 12149
568 12151
569 12149
570 12151
571 12149
572 12151
573 12149
574 12151
575 12149
576 12151
577 12149
578 12151
579 12149
580 12151
581 12149
582 12151
583 12149
584 12151
585 12149
586 12151
587 12149
588 12151
589 12149
590 12151
591 12149
592 12151
593 12149
594 12151
595 12149
596 12151
597 12149
598 12151
599 12149
600 12151
601 12149
602 12151
603 12149
604 12151
605 12149
606 12151
607 12149
608 12151
609 12149
610 12151
611 12149
612 12151
613 12149
614 12151
615 12149
616 12151
617 12149
618 12151
619 12149
620 12151
621 12149
622 12151
623 12149
624 12151
625 12149
626 12151
627 12149
628 12151
629 12149
630 12151
631 12149
632 12151
633 12149
634 12151
635 12149
636 12151
637 12149
638 12151
639 12149
640 12151
641 12149
642 12151
643 12149
644 12151
645 12149
646 12151
647 12149
648 12151
649 12149
650 12151
651 12149
652 12151
653 12149
654 12151
655 12149
656 12151
657 12149
658 12151
659 12149
660 12151
661 12149
662 12151
663 12149
664 12151
665 12149
666 12151
667 12149
668 12151
669 12149
670 12151
671 12149
672 12151
673 12149
674 12151
675 12149
676 12151
677 12149
678 12151
679 12149
680 12151
681 12149
682 12151
683 12149
684 12151
685 12149
686 12151
687 12149
688 12151
689 12149
690 12151
691 12149
692 12151
693 12149
694 12151
695 12149
696 12151
697 12149
698 12151
699 12149
700 12151
701 12149
702 12151
703 12149
704 12151
705 12149
706 12151
707 12149
708 12151
709 12149
710 12151
711 12149
712 12151
713 12149
714 12151
715 12149
716 12151
717 12149
718 12151
719 12149
720 12151
721 12149
722 12151
723 12149
724 12151
725 12149
726 12151
727 12149
728 12151
729 12149
730 12151
731 12149
732 12151
733 12149
734 12151
735 12149
736 12151
737 12149
738 12151
739 12149
740 12151
741 12149
742 12151
743 12149
744 12151
745 12149
746 12151
747 12149
748 12151
749 12149
750 12151
751 12149
752 12151
753 12149
754 12151
755 12149
756 12151
757 12149
758 12151
759 12149
760 12151
761 12149
762 12151
763 12149
764 12151
765 12149
766 12151
767 12149
768 12151
769 12149
770 12151
771 12149
772 12151
773 12149
774 12151
775 12149
776 12151
777 12149
778 12151
779 12149
780 12151
781 12149
782 12151
783 12149
784 12151
785 12149
786 12151
787 12149
788 12151
789 12149
790 12151
791 12149
792 12151
793 12149
794 12151
795 12149
796 12151
797 12149
798 12151
799 12149
800 12151
801 12149
802 12151
803 12149
804 12151
805 12149
806 12151
807 12149
808 12151
809 12149
810 12151
811 12149
812 12151
813 12149
814 12151
815 12149
816 12151
817 12149
818 12151
819 12149
820 12151
821 12149
822 12151
823 12149
824 12151
825 12149
826 12151
827 12149
828 12151
829 12149
830 12151
831 12149
832 12151
833 12149
834 12151
835 12149
836 12151
837 12149
838 12151
839 12149
840 12151
841 12149
842 12151
843 12149
844 12151
845 12149
846 12151
847 12149
848 12151
849 12149
850 12151
851 12149
852 12151
853 12149
854 12151
855 12149
856 12151
857 12149
858 12151
859 12149
860 12151
861 12149
862 12151
863 12149
864 12151
865 12149
866 12151
867 12149
868 12151
869 12149
870 12151
871 12149
872 12151
873 12149
874 12151
875 12149
876 12151
877 12149
878 12151
879 12149
880 12151
881 12149
882 12151
883 12149
884 12151
885 12149
886 12151
887 12149
888 12151
889 12149
890 12151
891 12149
892 12151
893 12149
894 12151
895 12149
896 12151
897 12149
898 12151
899 12149
900 12151
901 12149
902 12151
903 12149
904 12151
905 12149
906 12151
907 12149
908 12151
909 12149
910 12151
911 12149
912 12151
913 12149
914 12151
915 12149
916 12151
917 12149
918 12151
919 12149
920 12151
921 12149
922 12151
923 12149
924 12151
925 12149
926 12151
927 12149
928 12151
929 12149
930 12151
931 12149
932 12151
933 12149
934 12151
935 12149
936 12151
937 12149
938 12151
939 12149
940 12151
941 12149
942 12151
943 12149
944 12151
945 12149
946 12151
947 12149
948 12151
949 12149
950 12151
951 12149
952 12151
953 12149
954 12151
955 12149
956 12151
957 12149
958 12151
959 12149
960 12151
961 12149
962 12151
963 12149
964 12151
965 12149
966 12151
967 12149
968 12151
969 12149
970 12151
971 12149
972 12151
973 12149
974 12151
975 12149
976 12151
977 12149
978 12151
979 12149
980 12151
981 12149
982 12151
983 12149
984 12151
985 12149
986 12151
987 12149
988 12151
989 12149
990 12151
991 12149
992 12151
993 12149
994 12151
995 12149
996 12151
997 12149
998 12151
999 12149
1000 12151
1001 12149
