knapPI_1_200_1000_1
11238
1 3064
2 3986
3 5645
4 6372
5 6968
6 7004
7 8530
8 8375
9 8530
10 8299
11 8530
12 8263
13 8530
14 8528
15 9738
16 9621
17 9498
18 9635
19 9292
20 9011
21 8486
22 8334
23 8465
24 8283
25 8808
26 9089
27 8842
28 9201
29 9452
30 9412
31 10777
32 10734
33 10527
34 10410
35 10594
36 10300
37 10049
38 9818
39 9692
40 9304
41 9511
42 10001
43 9573
44 10192
45 10011
46 10331
47 10457
48 10486
49 10667
50 10483
51 10167
52 9868
53 9378
54 9058
55 8932
56 8313
57 9040
58 9224
59 9540
60 9598
61 10088
62 10068
63 10462
64 10628
65 10599
66 10736
67 10552
68 10454
69 10145
70 9655
71 8944
72 9655
73 10145
74 9825
75 10145
76 10329
77 10638
78 10736
79 10599
80 10736
81 10534
82 10046
83 9544
84 9432
85 9123
86 9025
87 8836
88 8648
89 8850
90 9338
91 9142
92 9254
93 9597
94 9902
95 10091
96 10530
97 10339
98 10082
99 10278
100 10166
101 9856
102 9649
103 9492
104 9241
105 9432
106 9689
107 9820
108 9932
109 10242
110 9807
111 9964
112 10092
113 9901
114 9703
115 9572
116 10337
117 10094
118 9853
119 9725
120 9420
121 9611
122 10113
123 10311
124 10616
125 10385
126 10718
127 10777
128 10539
129 10777
130 10530
131 10777
132 10651
133 10460
134 9958
135 9899
136 9594
137 9492
138 9886
139 10225
140 10351
141 10279
142 10028
143 10297
144 9840
145 9380
146 9149
147 9899
148 10330
149 10667
150 10678
151 10566
152 10487
153 10628
154 10345
155 10628
156 10234
157 9895
158 9483
159 9411
160 9102
161 8612
162 9323
163 9042
164 9244
165 9295
166 9335
167 9407
168 9716
169 9586
170 9557
171 9838
172 9710
173 9953
174 9913
175 9841
176 9532
177 9662
178 9887
179 9606
180 9734
181 9491
182 9531
183 9603
184 9912
185 9782
186 9586
187 9867
188 9739
189 9982
190 9942
191 9870
192 9742
193 9872
194 10068
195 9711
196 9839
197 10233
198 10273
199 10345
200 10473
201 10628
202 10498
203 10255
204 10498
205 9982
206 9942
207 9870
208 9552
209 8933
210 9063
211 9682
212 9527
213 10043
214 10083
215 10155
216 10473
217 10628
218 10385
219 10628
220 10319
221 9803
222 9763
223 9691
224 9561
225 9167
226 8678
227 9167
228 9599
229 9832
230 9989
231 10061
232 10191
233 10393
234 10444
235 10651
236 10400
237 10651
238 10534
239 10660
240 10529
241 10327
242 10558
243 10323
244 9625
245 10323
246 10440
247 10233
248 10219
249 9988
250 9737
251 9972
252 9737
253 9349
254 9232
255 9439
256 9453
257 9684
258 9507
259 10097
260 10529
261 10219
262 10336
263 10129
264 10115
265 9884
266 10372
267 10711
268 10460
269 10736
270 10619
271 10489
272 10305
273 9911
274 10305
275 10494
276 10678
277 10497
278 10678
279 10736
280 10479
281 10203
282 10040
283 9701
284 8980
285 8361
286 8173
287 8115
288 8372
289 8311
290 8474
291 8813
292 9534
293 10227
294 10469
295 10678
296 10736
297 10608
298 10424
299 10167
300 9828
301 9519
302 8994
303 9519
304 9461
305 9589
306 9773
307 10030
308 10369
309 10678
310 10490
311 10227
312 10024
313 9965
314 9781
315 9524
316 9214
317 8909
318 9348
319 9611
320 9814
321 9873
322 10057
323 10314
324 10624
325 10265
326 10142
327 11042
328 11238
329 10826
330 10281
331 10826
332 10624
333 11227
334 11099
335 11227
336 11031
337 10732
338 11042
339 11238
340 11227
341 10996
342 11227
343 11168
344 11227
345 10965
346 10628
347 11056
348 11186
349 11223
350 11186
351 10798
352 11186
353 11223
354 11066
355 11223
356 11186
357 11223
358 10795
359 11002
360 11227
361 10856
362 11227
363 10839
364 10678
365 10839
366 10748
367 10517
368 11007
369 11238
370 10922
371 11238
372 11227
373 11002
374 11227
375 10986
376 11227
377 11038
378 11227
379 10994
380 11227
381 10996
382 10687
383 10996
384 11007
385 11238
386 11227
387 11168
388 11227
389 11002
390 11227
391 10994
392 11227
393 10856
394 11227
395 11099
396 11227
397 11238
398 11081
399 11238
400 11227
401 11002
402 11227
403 10994
404 11227
405 10986
406 11227
407 11099
408 11227
409 11038
410 11227
411 11238
412 11007
413 11238
414 11227
415 11031
416 11227
417 10986
418 11227
419 11099
420 11227
421 11038
422 11227
423 10965
424 11227
425 11238
426 11007
427 11238
428 11042
429 11238
430 11227
431 11168
432 11227
433 11099
434 11227
435 10965
436 11227
437 10856
438 11227
439 10996
440 10800
441 10683
442 10914
443 11110
444 10709
445 10502
446 11031
447 10769
448 11186
449 11223
450 11186
451 11223
452 11186
453 11223
454 11183
455 11223
456 11186
457 11056
458 11186
459 10798
460 11186
461 11223
462 11186
463 10758
464 11186
465 11223
466 11066
467 11223
468 11186
469 11056
470 11186
471 10798
472 10386
473 10798
474 11186
475 11223
476 11186
477 11223
478 11066
479 11223
480 11186
481 11056
482 10628
483 11056
484 11186
485 10798
486 11186
487 11223
488 11186
489 11223
490 11066
491 11223
492 11186
493 11223
494 10824
495 11031
496 11227
497 10856
498 10439
499 10856
500 11227
501 11238
502 11081
503 11238
504 10929
505 11238
506 11227
507 11031
508 11227
509 10965
510 11227
511 11168
512 11227
513 10856
514 11227
515 10996
516 10687
517 10996
518 11007
519 11238
520 11042
521 11238
522 11227
523 11168
524 11227
525 10965
526 11227
527 10856
528 11227
529 11099
530 11227
531 10996
532 10800
533 10683
534 10914
535 11110
536 10709
537 11238
538 11227
539 10986
540 11227
541 11099
542 11227
543 10965
544 11227
545 10996
546 10800
547 11031
548 11227
549 11238
550 11227
551 11168
552 11227
553 11099
554 11227
555 10965
556 11227
557 10856
558 11227
559 11036
560 10879
561 10683
562 10914
563 11110
564 10709
565 10502
566 11031
567 10959
568 11031
569 10769
570 11186
571 11223
572 11186
573 11223
574 11186
575 11223
576 11183
577 11223
578 11186
579 11056
580 11186
581 10798
582 11186
583 11223
584 11186
585 10758
586 11186
587 11223
588 11066
589 11223
590 11186
591 11056
592 11186
593 10798
594 10386
595 10798
596 11186
597 11223
598 11186
599 11223
600 11066
601 11223
602 11186
603 11056
604 11186
605 11223
606 11186
607 11223
608 11186
609 11223
610 10835
611 11223
612 11066
613 11223
614 11186
615 11056
616 11186
617 11223
618 11186
619 11223
620 10824
621 11223
622 10806
623 11223
624 11186
625 11223
626 11186
627 11056
628 11186
629 10694
630 11186
631 10641
632 10151
633 10696
634 11186
635 11223
636 11186
637 11223
638 11186
639 11088
640 11186
641 10694
642 11186
643 11223
644 11186
645 11223
646 10707
647 11223
648 11186
649 11223
650 11186
651 11056
652 11186
653 10758
654 10277
655 10769
656 11186
657 11223
658 11186
659 11223
660 11186
661 10696
662 11186
663 10716
664 11186
665 11223
666 11183
667 10638
668 10157
669 10766
670 11183
671 11223
672 11186
673 11223
674 11186
675 11056
676 11186
677 11223
678 11186
679 11223
680 11186
681 11223
682 11186
683 11223
684 11186
685 11223
686 11186
687 11223
688 11186
689 11223
690 10824
691 11031
692 11227
693 10826
694 11238
695 11007
696 11238
697 11227
698 11238
699 11227
700 11099
701 11227
702 11038
703 11227
704 10994
705 11227
706 11238
707 11227
708 11238
709 11227
710 11238
711 11227
712 11099
713 11227
714 11238
715 11227
716 11238
717 11227
718 11238
719 11227
720 11238
721 11227
722 11238
723 11227
724 11238
725 11227
726 11238
727 11227
728 11238
729 11227
730 11238
731 11227
732 11238
733 11227
734 11238
735 11227
736 11238
737 11227
738 11238
739 11227
740 11238
741 11227
742 11238
743 11031
744 10768
745 11031
746 10900
747 11031
748 10784
749 10239
750 10784
751 11031
752 10742
753 10731
754 11223
755 11186
756 11223
757 11186
758 11223
759 11186
760 11223
761 11186
762 11223
763 11186
764 11223
765 11186
766 11223
767 11186
768 11223
769 11186
770 11223
771 11186
772 11223
773 11186
774 11223
775 11186
776 11223
777 11186
778 11223
779 11186
780 11223
781 11186
782 11223
783 11186
784 11223
785 11186
786 11223
787 11186
788 11223
789 11186
790 11223
791 11186
792 11223
793 11186
794 11223
795 11186
796 11223
797 11186
798 11223
799 11186
800 11223
801 11186
802 11223
803 11186
804 11223
805 11186
806 11223
807 11186
808 11223
809 11186
810 11223
811 11186
812 11223
813 11186
814 11223
815 11186
816 11223
817 11186
818 11223
819 11186
820 11223
821 11186
822 11223
823 11186
824 11223
825 11186
826 11223
827 11186
828 11223
829 11186
830 11223
831 11186
832 11223
833 11186
834 11223
835 11186
836 11223
837 11186
838 11223
839 11186
840 10758
841 11186
842 11223
843 11186
844 10798
845 11186
846 11223
847 11186
848 11223
849 11186
850 11056
851 11186
852 10758
853 11186
854 11223
855 11186
856 11223
857 11186
858 11223
859 11066
860 11223
861 11186
862 11056
863 11186
864 11223
865 11186
866 11223
867 11186
868 11223
869 11186
870 11223
871 11186
872 11223
873 10806
874 11223
875 11186
876 11223
877 11186
878 11223
879 11186
880 11223
881 11186
882 11223
883 11186
884 11223
885 11186
886 11223
887 11186
888 11223
889 11066
890 11223
891 11186
892 11056
893 10628
894 11056
895 11186
896 11223
897 11186
898 11223
899 11186
900 11223
901 11186
902 11223
903 11186
904 10787
905 11186
906 10769
907 10612
908 10874
909 10503
910 10874
911 11081
912 11238
913 11227
914 11238
915 11227
916 10796
917 11227
918 11238
919 11227
920 11099
921 11227
922 10856
923 11227
924 11168
925 11227
926 10996
927 10800
928 11031
929 11227
930 10965
931 11227
932 11099
933 11227
934 11038
935 11227
936 10986
937 11227
938 11238
939 11007
940 11238
941 11042
942 11238
943 11227
944 11099
945 11227
946 11038
947 11227
948 10986
949 11227
950 11002
951 11227
952 11036
953 10803
954 11036
955 11007
956 11238
957 10929
958 11238
959 11227
960 11168
961 11227
962 11002
963 11227
964 10888
965 10655
966 10994
967 10803
968 11036
969 10727
970 11036
971 11238
972 11227
973 11168
974 11227
975 11002
976 11227
977 10888
978 11227
979 10994
980 11227
981 11099
982 10982
983 11110
984 10709
985 11238
986 11007
987 11238
988 11227
989 11002
990 11227
991 10994
992 11227
993 10986
994 10649
995 11020
996 10929
997 11223
998 11066
999 11223
1000 11186
1001 11223
