knapPI_1_1000_1000_1
54503
1 7660
2 8645
3 10619
4 11402
5 12118
6 14096
7 15657
8 16600
9 17151
10 19119
11 19619
12 20096
13 20509
14 22341
15 22744
16 23139
17 24831
18 25181
19 26776
20 27123
21 29022
22 29190
23 29301
24 31163
25 31275
26 31270
27 32276
28 32267
29 32792
30 32781
31 32862
32 32872
33 33349
34 33346
35 33629
36 33621
37 34810
38 34814
39 34803
40 35589
41 35672
42 35662
43 36824
44 36855
45 36850
46 37321
47 37320
48 39161
49 39283
50 39274
51 39597
52 39586
53 39904
54 39914
55 40103
56 40100
57 40295
58 40280
59 40944
60 40948
61 40927
62 41568
63 41584
64 41840
65 41816
66 41881
67 41894
68 41884
69 42961
70 42962
71 43308
72 43293
73 43897
74 43901
75 43978
76 43950
77 43933
78 43902
79 44130
80 44106
81 44154
82 44185
83 44198
84 44174
85 44382
86 44383
87 44822
88 44887
89 44862
90 45243
91 45212
92 45436
93 45423
94 45388
95 46658
96 46679
97 47008
98 47021
99 47023
100 47005
101 47135
102 47163
103 47179
104 47277
105 47236
106 47321
107 47327
108 48486
109 48473
110 48423
111 48364
112 48290
113 48671
114 48732
115 49089
116 49148
117 49161
118 49125
119 49083
120 49923
121 49959
122 49967
123 49922
124 49842
125 50210
126 50255
127 50242
128 50216
129 50166
130 50158
131 50137
132 50096
133 50148
134 50125
135 50138
136 50164
137 50214
138 50169
139 50190
140 50198
141 50190
142 50697
143 50742
144 50729
145 50705
146 50655
147 50603
148 50595
149 50648
150 50547
151 50502
152 50515
153 50539
154 50425
155 50463
156 50452
157 50331
158 50432
159 50477
160 50474
161 50609
162 50723
163 50710
164 50721
165 50729
166 50705
167 50660
168 50608
169 50566
170 50452
171 50465
172 50454
173 50446
174 50470
175 50515
176 50758
177 50834
178 50982
179 51020
180 51007
181 50966
182 51101
183 51114
184 51090
185 51059
186 51438
187 51396
188 51346
189 51315
190 51547
191 51623
192 51774
193 51761
194 51660
195 51546
196 51543
197 51659
198 51538
199 51410
200 51371
201 51384
202 51485
203 51444
204 51579
205 51569
206 51535
207 51649
208 51688
209 51686
210 52181
211 52179
212 52174
213 52475
214 52477
215 52548
216 52504
217 52481
218 52450
219 52944
220 52828
221 52805
222 52803
223 52732
224 52719
225 52713
226 52710
227 52778
228 52743
229 52766
230 52917
231 52919
232 52895
233 52982
234 52988
235 53059
236 53009
237 52895
238 52829
239 52827
240 52817
241 52828
242 52818
243 52776
244 52826
245 52785
246 52962
247 52999
248 53001
249 52990
250 53000
251 53062
252 53022
253 52978
254 52981
255 52950
256 53151
257 53191
258 53214
259 53362
260 53360
261 53347
262 53365
263 53367
264 53305
265 53315
266 53201
267 53190
268 53074
269 53058
270 53040
271 53038
272 53100
273 53090
274 53204
275 53215
276 53331
277 53360
278 53289
279 53291
280 53240
281 53250
282 53151
283 53250
284 53136
285 53128
286 53119
287 53117
288 53099
289 53123
290 53080
291 52964
292 52923
293 53039
294 53126
295 53134
296 53152
297 53154
298 53197
299 53173
300 53183
301 53152
302 53190
303 53161
304 53154
305 53152
306 53203
307 53164
308 53154
309 53112
310 53225
311 53241
312 53248
313 53250
314 53206
315 53245
316 53280
317 53322
318 53412
319 53451
320 53462
321 53446
322 53399
323 53653
324 53669
325 53630
326 53561
327 53637
328 53626
329 53615
330 53575
331 53551
332 53512
333 53488
334 53387
335 53345
336 53289
337 53300
338 53344
339 53368
340 53407
341 53447
342 53548
343 53590
344 53646
345 53609
346 53633
347 53609
348 53570
349 53530
350 53486
351 53504
352 53455
353 53444
354 53420
355 53457
356 53496
357 53536
358 53560
359 53542
360 53591
361 53602
362 53671
363 53658
364 53621
365 53582
366 53558
367 53519
368 53470
369 53382
370 53301
371 53227
372 53341
373 53380
374 53404
375 53443
376 53492
377 53529
378 53610
379 53681
380 53743
381 53676
382 53700
383 53676
384 53578
385 53567
386 53528
387 53427
388 53365
389 53432
390 53408
391 53432
392 53412
393 53613
394 53652
395 53753
396 53864
397 53808
398 53769
399 53745
400 53674
401 53637
402 53597
403 53499
404 53624
405 53631
406 53670
407 53694
408 53632
409 53703
410 53743
411 53780
412 53769
413 53762
414 53723
415 53725
416 53688
417 53706
418 53715
419 53675
420 53686
421 53693
422 53756
423 53754
424 53663
425 53656
426 53647
427 53687
428 53573
429 53567
430 53560
431 53562
432 53653
433 53660
434 53669
435 53645
436 53759
437 53765
438 53772
439 53770
440 53759
441 53752
442 53743
443 53706
444 53667
445 53657
446 53650
447 53652
448 53687
449 53676
450 53685
451 53722
452 53785
453 53875
454 53764
455 53774
456 53764
457 53670
458 53661
459 53624
460 53600
461 53566
462 53476
463 53466
464 53627
465 53637
466 53646
467 53683
468 53734
469 53768
470 53858
471 53918
472 53869
473 53859
474 53850
475 53813
476 53757
477 53666
478 53576
479 53534
480 53573
481 53583
482 53592
483 53629
484 53685
485 53776
486 53866
487 53937
488 53897
489 53887
490 53849
491 53815
492 53776
493 53720
494 53630
495 53590
496 53519
497 53559
498 53569
499 53603
500 53642
501 53740
502 53747
503 53696
504 53786
505 53687
506 53798
507 53878
508 53868
509 53754
510 53868
511 53801
512 53802
513 53763
514 53753
515 53719
516 53729
517 53687
518 53678
519 53627
520 53626
521 53665
522 53783
523 53817
524 53807
525 53849
526 53859
527 53868
528 53778
529 53683
530 53585
531 53551
532 53561
533 53524
534 53514
535 53543
536 53633
537 53728
538 53701
539 53886
540 53897
541 53934
542 53944
543 53915
544 53952
545 53872
546 53782
547 53742
548 53640
549 53526
550 53515
551 53522
552 53485
553 53565
554 53655
555 53695
556 53799
557 53760
558 53771
559 53885
560 53878
561 53869
562 53859
563 53898
564 54012
565 53922
566 53831
567 53717
568 53724
569 53713
570 53556
571 53391
572 53556
573 53646
574 53737
575 53696
576 53853
577 53884
578 53895
579 53905
580 53861
581 53824
582 53784
583 53694
584 53650
585 53641
586 53630
587 53667
588 53654
589 53691
590 53809
591 53849
592 53939
593 53948
594 53959
595 54003
596 53979
597 53949
598 53835
599 53796
600 53706
601 53728
602 53690
603 53679
604 53640
605 53670
606 53784
607 53823
608 53913
609 53891
610 53929
611 53940
612 53979
613 54003
614 53959
615 53929
616 53839
617 53861
618 53823
619 53812
620 53721
621 53697
622 53660
623 53690
624 53780
625 53758
626 53856
627 53867
628 53918
629 53879
630 53916
631 53877
632 53828
633 53738
634 53643
635 53536
636 53643
637 53682
638 53633
639 53672
640 53721
641 53811
642 53906
643 53869
644 53818
645 53779
646 53828
647 53789
648 53740
649 53650
650 53639
651 53676
652 53727
653 53766
654 53717
655 53756
656 53805
657 53803
658 53814
659 53811
660 53760
661 53723
662 53772
663 53733
664 53684
665 53686
666 53588
667 53699
668 53702
669 53746
670 53783
671 53846
672 53835
673 53866
674 53752
675 53750
676 53739
677 53695
678 53724
679 53700
680 53740
681 53867
682 53836
683 53950
684 53940
685 53900
686 53871
687 53915
688 53866
689 53863
690 53807
691 53768
692 53778
693 53680
694 53778
695 53734
696 53783
697 53786
698 53873
699 53912
700 53919
701 53909
702 53818
703 53704
704 53842
705 53807
706 53918
707 53879
708 53823
709 53833
710 53794
711 53714
712 53625
713 53826
714 53736
715 53775
716 53831
717 53740
718 53638
719 53562
720 53906
721 53792
722 53766
723 53727
724 53688
725 53779
726 53881
727 53832
728 53783
729 53742
730 53829
731 53868
732 53907
733 53933
734 53903
735 53859
736 53930
737 53997
738 54027
739 54051
740 53949
741 53925
742 53887
743 53879
744 53808
745 53769
746 53713
747 53697
748 53799
749 53823
750 53763
751 53815
752 53746
753 53871
754 53910
755 53966
756 53982
757 53958
758 54018
759 53974
760 53944
761 53901
762 53811
763 53842
764 53818
765 53842
766 53871
767 53842
768 53872
769 53984
770 53949
771 53990
772 53959
773 53935
774 53906
775 53935
776 53959
777 53952
778 53913
779 53872
780 53907
781 53931
782 53871
783 53902
784 53878
785 53956
786 53995
787 54087
788 54058
789 54118
790 54134
791 54141
792 54115
793 54076
794 54036
795 53965
796 53954
797 53867
798 53880
799 53873
800 53899
801 53938
802 53978
803 53960
804 54001
805 54012
806 53999
807 54097
808 54104
809 54055
810 54053
811 54060
812 54020
813 53979
814 54084
815 54021
816 54043
817 53944
818 54082
819 54124
820 54187
821 54196
822 54198
823 54205
824 54103
825 53989
826 53990
827 53874
828 53850
829 53841
830 53839
831 53832
832 53936
833 54050
834 54049
835 54165
836 54154
837 54163
838 54165
839 54172
840 54170
841 54131
842 54033
843 54131
844 54142
845 54133
846 54131
847 54124
848 54126
849 54165
850 54126
851 54035
852 53921
853 53930
854 53932
855 53939
856 53937
857 53961
858 54000
859 54091
860 54205
861 54196
862 54104
863 54097
864 54099
865 54075
866 54076
867 54050
868 53959
869 53968
870 53933
871 53974
872 53981
873 53979
874 53978
875 54004
876 54095
877 54119
878 54110
879 54069
880 54196
881 54189
882 54087
883 54061
884 53963
885 53976
886 53985
887 53948
888 53856
889 53863
890 53965
891 53991
892 53951
893 53938
894 53979
895 54016
896 54108
897 54101
898 54092
899 54066
900 54106
901 54082
902 54126
903 54040
904 54042
905 54049
906 54058
907 54084
908 54045
909 53995
910 53984
911 54070
912 54068
913 54061
914 54052
915 54050
916 54089
917 54045
918 54172
919 54162
920 54076
921 54083
922 54092
923 54094
924 54004
925 54005
926 53880
927 53890
928 53935
929 53928
930 53919
931 53917
932 54007
933 54056
934 54181
935 54171
936 54131
937 54138
938 54147
939 54149
940 54059
941 54020
942 53906
943 53916
944 53956
945 53949
946 53940
947 53938
948 54028
949 54067
950 54181
951 54171
952 54131
953 54138
954 54147
955 54149
956 54059
957 54020
958 53906
959 53916
960 53956
961 53949
962 53940
963 53938
964 54028
965 54067
966 54181
967 54171
968 54131
969 54138
970 54147
971 54149
972 54059
973 54020
974 53906
975 53916
976 53956
977 53949
978 53940
979 53938
980 54028
981 54067
982 54181
983 54171
984 54131
985 54138
986 54147
987 54149
988 54059
989 54020
990 53906
991 53916
992 53956
993 53949
994 53940
995 53938
996 54028
997 54067
998 54181
999 54171
1000 54131
1001 54138
