knapPI_2_200_1000_1
1634
1 899
2 1072
3 1175
4 1253
5 1296
6 1296
7 1296
8 1296
9 1296
10 1240
11 1387
12 1385
13 1378
14 1348
15 1379
16 1381
17 1381
18 1368
19 1398
20 1367
21 1398
22 1398
23 1398
24 1398
25 1398
26 1374
27 1409
28 1372
29 1447
30 1440
31 1397
32 1382
33 1425
34 1440
35 1405
36 1462
37 1469
38 1467
39 1469
40 1467
41 1469
42 1467
43 1469
44 1467
45 1469
46 1467
47 1469
48 1467
49 1469
50 1467
51 1469
52 1467
53 1469
54 1467
55 1469
56 1467
57 1469
58 1467
59 1469
60 1467
61 1469
62 1467
63 1469
64 1467
65 1469
66 1467
67 1469
68 1467
69 1469
70 1467
71 1469
72 1467
73 1469
74 1467
75 1469
76 1467
77 1469
78 1467
79 1469
80 1467
81 1469
82 1467
83 1469
84 1467
85 1469
86 1467
87 1469
88 1467
89 1469
90 1467
91 1469
92 1467
93 1469
94 1467
95 1469
96 1467
97 1469
98 1467
99 1469
100 1467
101 1469
102 1467
103 1469
104 1467
105 1469
106 1467
107 1469
108 1467
109 1469
110 1467
111 1469
112 1467
113 1469
114 1467
115 1469
116 1467
117 1469
118 1467
119 1469
120 1467
121 1469
122 1467
123 1469
124 1467
125 1469
126 1467
127 1469
128 1467
129 1469
130 1467
131 1469
132 1467
133 1469
134 1467
135 1469
136 1467
137 1469
138 1467
139 1469
140 1467
141 1469
142 1467
143 1469
144 1467
145 1469
146 1467
147 1469
148 1467
149 1469
150 1467
151 1469
152 1467
153 1469
154 1467
155 1469
156 1467
157 1469
158 1467
159 1469
160 1467
161 1469
162 1467
163 1469
164 1467
165 1469
166 1467
167 1469
168 1467
169 1469
170 1467
171 1469
172 1467
173 1469
174 1467
175 1469
176 1467
177 1469
178 1467
179 1469
180 1467
181 1469
182 1467
183 1469
184 1467
185 1469
186 1467
187 1469
188 1467
189 1469
190 1467
191 1469
192 1467
193 1469
194 1467
195 1469
196 1467
197 1469
198 1467
199 1469
200 1467
201 1469
202 1467
203 1469
204 1467
205 1469
206 1467
207 1469
208 1467
209 1469
210 1467
211 1469
212 1467
213 1469
214 1467
215 1469
216 1467
217 1469
218 1467
219 1469
220 1467
221 1469
222 1467
223 1469
224 1467
225 1460
226 1444
227 1475
228 1477
229 1447
230 1415
231 1343
232 1415
233 1447
234 1463
235 1461
236 1465
237 1410
238 1465
239 1461
240 1465
241 1461
242 1465
243 1434
244 1402
245 1444
246 1387
247 1369
248 1387
249 1417
250 1413
251 1454
252 1445
253 1480
254 1437
255 1480
256 1465
257 1480
258 1437
259 1480
260 1465
261 1441
262 1443
263 1402
264 1373
265 1402
266 1359
267 1402
268 1443
269 1436
270 1451
271 1458
272 1456
273 1487
274 1432
275 1487
276 1480
277 1487
278 1444
279 1403
280 1446
281 1471
282 1397
283 1471
284 1456
285 1471
286 1416
287 1471
288 1407
289 1471
290 1456
291 1425
292 1382
293 1425
294 1410
295 1441
296 1456
297 1471
298 1416
299 1471
300 1438
301 1495
302 1480
303 1495
304 1452
305 1495
306 1480
307 1449
308 1480
309 1449
310 1451
311 1396
312 1451
313 1394
314 1451
315 1466
316 1423
317 1380
318 1423
319 1466
320 1464
321 1433
322 1465
323 1410
324 1465
325 1408
326 1440
327 1416
328 1447
329 1440
330 1397
331 1440
332 1447
333 1440
334 1447
335 1440
336 1447
337 1440
338 1447
339 1440
340 1447
341 1440
342 1447
343 1440
344 1447
345 1440
346 1447
347 1440
348 1447
349 1440
350 1447
351 1440
352 1447
353 1440
354 1447
355 1440
356 1447
357 1440
358 1447
359 1440
360 1447
361 1440
362 1447
363 1440
364 1447
365 1440
366 1447
367 1440
368 1447
369 1440
370 1447
371 1440
372 1447
373 1440
374 1447
375 1440
376 1447
377 1440
378 1447
379 1440
380 1447
381 1440
382 1447
383 1440
384 1447
385 1440
386 1447
387 1440
388 1447
389 1440
390 1447
391 1440
392 1447
393 1440
394 1447
395 1440
396 1447
397 1440
398 1447
399 1440
400 1447
401 1440
402 1447
403 1440
404 1447
405 1440
406 1447
407 1440
408 1447
409 1440
410 1447
411 1440
412 1447
413 1440
414 1447
415 1440
416 1447
417 1440
418 1447
419 1440
420 1447
421 1440
422 1447
423 1440
424 1447
425 1440
426 1447
427 1440
428 1447
429 1440
430 1447
431 1440
432 1447
433 1440
434 1447
435 1440
436 1447
437 1440
438 1447
439 1440
440 1447
441 1440
442 1447
443 1440
444 1447
445 1440
446 1447
447 1440
448 1447
449 1440
450 1447
451 1440
452 1447
453 1440
454 1447
455 1440
456 1447
457 1440
458 1447
459 1440
460 1447
461 1440
462 1447
463 1440
464 1447
465 1440
466 1447
467 1440
468 1447
469 1440
470 1447
471 1440
472 1447
473 1440
474 1447
475 1440
476 1447
477 1440
478 1447
479 1440
480 1447
481 1440
482 1447
483 1440
484 1447
485 1440
486 1447
487 1440
488 1447
489 1440
490 1447
491 1440
492 1447
493 1440
494 1447
495 1440
496 1447
497 1440
498 1447
499 1415
500 1447
501 1412
502 1443
503 1484
504 1410
505 1484
506 1482
507 1484
508 1482
509 1388
510 1482
511 1414
512 1340
513 1342
514 1301
515 1369
516 1443
517 1441
518 1426
519 1428
520 1443
521 1484
522 1482
523 1484
524 1482
525 1484
526 1452
527 1476
528 1474
529 1490
530 1459
531 1461
532 1389
533 1461
534 1463
535 1461
536 1465
537 1463
538 1420
539 1463
540 1420
541 1463
542 1465
543 1463
544 1465
545 1434
546 1465
547 1461
548 1404
549 1461
550 1465
551 1422
552 1379
553 1422
554 1465
555 1463
556 1465
557 1434
558 1465
559 1463
560 1465
561 1461
562 1463
563 1406
564 1363
565 1394
566 1437
567 1435
568 1476
569 1444
570 1479
571 1464
572 1495
573 1480
574 1406
575 1480
576 1495
577 1452
578 1495
579 1480
580 1408
581 1438
582 1461
583 1445
584 1476
585 1386
586 1388
587 1417
588 1415
589 1372
590 1329
591 1388
592 1431
593 1429
594 1472
595 1441
596 1472
597 1465
598 1430
599 1465
600 1472
601 1465
602 1408
603 1440
604 1447
605 1440
606 1447
607 1440
608 1447
609 1440
610 1447
611 1440
612 1447
613 1440
614 1447
615 1440
616 1447
617 1440
618 1447
619 1440
620 1447
621 1440
622 1447
623 1440
624 1447
625 1440
626 1447
627 1440
628 1447
629 1440
630 1447
631 1440
632 1447
633 1440
634 1447
635 1440
636 1447
637 1440
638 1447
639 1440
640 1447
641 1440
642 1447
643 1440
644 1447
645 1440
646 1447
647 1440
648 1447
649 1440
650 1447
651 1440
652 1447
653 1440
654 1447
655 1440
656 1447
657 1440
658 1447
659 1440
660 1447
661 1440
662 1447
663 1440
664 1447
665 1440
666 1447
667 1440
668 1447
669 1440
670 1447
671 1440
672 1447
673 1440
674 1447
675 1440
676 1447
677 1440
678 1447
679 1440
680 1447
681 1440
682 1447
683 1440
684 1447
685 1440
686 1447
687 1440
688 1447
689 1440
690 1447
691 1440
692 1447
693 1440
694 1447
695 1440
696 1447
697 1440
698 1447
699 1440
700 1447
701 1440
702 1447
703 1440
704 1447
705 1440
706 1447
707 1440
708 1447
709 1440
710 1447
711 1440
712 1447
713 1440
714 1447
715 1440
716 1447
717 1440
718 1447
719 1440
720 1447
721 1440
722 1447
723 1440
724 1447
725 1440
726 1447
727 1440
728 1447
729 1440
730 1447
731 1440
732 1447
733 1440
734 1447
735 1440
736 1447
737 1440
738 1447
739 1440
740 1447
741 1440
742 1447
743 1440
744 1447
745 1440
746 1447
747 1440
748 1447
749 1440
750 1447
751 1440
752 1447
753 1440
754 1381
755 1440
756 1409
757 1394
758 1359
759 1462
760 1469
761 1467
762 1469
763 1467
764 1469
765 1467
766 1469
767 1467
768 1469
769 1437
770 1407
771 1400
772 1432
773 1463
774 1461
775 1465
776 1449
777 1465
778 1410
779 1465
780 1393
781 1395
782 1410
783 1342
784 1410
785 1412
786 1408
787 1449
788 1447
789 1477
790 1475
791 1477
792 1475
793 1477
794 1475
795 1407
796 1475
797 1477
798 1475
799 1451
800 1482
801 1484
802 1482
803 1484
804 1482
805 1484
806 1482
807 1414
808 1320
809 1397
810 1413
811 1382
812 1450
813 1491
814 1493
815 1493
816 1493
817 1493
818 1493
819 1493
820 1493
821 1493
822 1493
823 1425
824 1493
825 1493
826 1436
827 1493
828 1450
829 1448
830 1405
831 1332
832 1277
833 1351
834 1406
835 1374
836 1418
837 1378
838 1452
839 1483
840 1482
841 1483
842 1482
843 1483
844 1482
845 1483
846 1482
847 1483
848 1482
849 1483
850 1482
851 1483
852 1482
853 1483
854 1482
855 1483
856 1482
857 1483
858 1482
859 1483
860 1482
861 1483
862 1482
863 1483
864 1482
865 1483
866 1482
867 1483
868 1482
869 1483
870 1482
871 1483
872 1482
873 1483
874 1482
875 1483
876 1482
877 1483
878 1482
879 1483
880 1482
881 1483
882 1482
883 1483
884 1482
885 1483
886 1482
887 1483
888 1482
889 1483
890 1482
891 1483
892 1482
893 1483
894 1482
895 1483
896 1482
897 1483
898 1482
899 1483
900 1482
901 1483
902 1482
903 1483
904 1482
905 1483
906 1482
907 1483
908 1482
909 1483
910 1482
911 1483
912 1482
913 1483
914 1482
915 1483
916 1482
917 1483
918 1482
919 1483
920 1482
921 1483
922 1482
923 1483
924 1482
925 1483
926 1482
927 1483
928 1482
929 1483
930 1482
931 1483
932 1482
933 1483
934 1482
935 1483
936 1482
937 1483
938 1482
939 1483
940 1482
941 1483
942 1482
943 1483
944 1482
945 1483
946 1482
947 1483
948 1482
949 1483
950 1482
951 1483
952 1482
953 1483
954 1482
955 1483
956 1482
957 1483
958 1482
959 1483
960 1482
961 1483
962 1482
963 1483
964 1482
965 1483
966 1482
967 1483
968 1482
969 1483
970 1482
971 1483
972 1482
973 1483
974 1482
975 1483
976 1482
977 1483
978 1482
979 1483
980 1482
981 1483
982 1482
983 1483
984 1482
985 1483
986 1482
987 1483
988 1482
989 1483
990 1482
991 1483
992 1482
993 1483
994 1482
995 1483
996 1482
997 1483
998 1482
999 1483
1000 1482
1001 1483
