knapPI_3_200_1000_1
2697
1 1393
2 1390
3 1395
4 1390
5 1395
6 1390
7 1395
8 1390
9 1395
10 1381
11 1397
12 1392
13 1397
14 1392
15 1397
16 1392
17 1397
18 1392
19 1397
20 1388
21 1396
22 1391
23 1396
24 1391
25 1396
26 1391
27 1396
28 1389
29 1396
30 1391
31 1396
32 1391
33 1393
34 1391
35 1396
36 1391
37 1396
38 1391
39 1396
40 1389
41 1396
42 1391
43 1396
44 1391
45 1393
46 1391
47 1396
48 1391
49 1396
50 1391
51 1396
52 1389
53 1396
54 1391
55 1396
56 1391
57 1393
58 1391
59 1396
60 1391
61 1396
62 1391
63 1396
64 1389
65 1396
66 1391
67 1396
68 1391
69 1393
70 1391
71 1396
72 1391
73 1396
74 1391
75 1396
76 1389
77 1396
78 1391
79 1396
80 1391
81 1393
82 1391
83 1396
84 1391
85 1396
86 1391
87 1396
88 1389
89 1396
90 1391
91 1396
92 1391
93 1393
94 1391
95 1396
96 1391
97 1396
98 1391
99 1396
100 1389
101 1396
102 1391
103 1396
104 1391
105 1393
106 1391
107 1396
108 1391
109 1396
110 1391
111 1396
112 1389
113 1396
114 1391
115 1396
116 1391
117 1393
118 1391
119 1396
120 1391
121 1396
122 1391
123 1396
124 1389
125 1396
126 1391
127 1396
128 1391
129 1393
130 1391
131 1396
132 1391
133 1396
134 1391
135 1396
136 1389
137 1396
138 1391
139 1396
140 1391
141 1393
142 1391
143 1396
144 1391
145 1396
146 1391
147 1396
148 1389
149 1396
150 1391
151 1396
152 1391
153 1393
154 1391
155 1396
156 1391
157 1396
158 1391
159 1396
160 1389
161 1396
162 1391
163 1396
164 1391
165 1393
166 1391
167 1396
168 1391
169 1396
170 1391
171 1396
172 1389
173 1396
174 1391
175 1396
176 1391
177 1393
178 1391
179 1396
180 1391
181 1396
182 1391
183 1396
184 1389
185 1396
186 1391
187 1396
188 1391
189 1393
190 1391
191 1396
192 1391
193 1396
194 1391
195 1396
196 1389
197 1396
198 1391
199 1396
200 1391
201 1393
202 1391
203 1396
204 1391
205 1396
206 1391
207 1396
208 1389
209 1396
210 1391
211 1396
212 1391
213 1393
214 1391
215 1396
216 1391
217 1396
218 1391
219 1396
220 1389
221 1396
222 1391
223 1396
224 1391
225 1393
226 1391
227 1396
228 1391
229 1396
230 1391
231 1396
232 1389
233 1396
234 1391
235 1396
236 1391
237 1393
238 1391
239 1396
240 1391
241 1396
242 1391
243 1396
244 1376
245 1396
246 1391
247 1396
248 1391
249 1393
250 1391
251 1396
252 1391
253 1396
254 1391
255 1396
256 1389
257 1396
258 1391
259 1396
260 1391
261 1393
262 1391
263 1396
264 1391
265 1396
266 1391
267 1396
268 1391
269 1396
270 1391
271 1396
272 1391
273 1396
274 1391
275 1396
276 1391
277 1396
278 1391
279 1396
280 1391
281 1396
282 1391
283 1396
284 1391
285 1396
286 1391
287 1396
288 1391
289 1396
290 1391
291 1396
292 1391
293 1396
294 1391
295 1396
296 1391
297 1396
298 1391
299 1396
300 1391
301 1396
302 1391
303 1396
304 1391
305 1396
306 1391
307 1396
308 1391
309 1396
310 1391
311 1396
312 1391
313 1396
314 1391
315 1396
316 1391
317 1396
318 1391
319 1396
320 1391
321 1396
322 1391
323 1396
324 1391
325 1396
326 1391
327 1396
328 1391
329 1396
330 1391
331 1396
332 1391
333 1396
334 1391
335 1396
336 1391
337 1396
338 1391
339 1396
340 1391
341 1396
342 1391
343 1396
344 1391
345 1396
346 1391
347 1396
348 1391
349 1396
350 1391
351 1396
352 1391
353 1396
354 1391
355 1396
356 1391
357 1396
358 1391
359 1396
360 1391
361 1396
362 1391
363 1396
364 1391
365 1396
366 1391
367 1396
368 1391
369 1396
370 1391
371 1396
372 1391
373 1396
374 1391
375 1396
376 1391
377 1396
378 1391
379 1396
380 1391
381 1396
382 1391
383 1396
384 1391
385 1396
386 1391
387 1396
388 1391
389 1396
390 1391
391 1396
392 1391
393 1396
394 1391
395 1396
396 1391
397 1396
398 1391
399 1396
400 1391
401 1396
402 1391
403 1396
404 1391
405 1396
406 1391
407 1396
408 1391
409 1396
410 1391
411 1396
412 1391
413 1396
414 1391
415 1396
416 1391
417 1396
418 1391
419 1396
420 1391
421 1396
422 1391
423 1396
424 1391
425 1396
426 1391
427 1396
428 1391
429 1396
430 1391
431 1396
432 1391
433 1396
434 1391
435 1396
436 1391
437 1396
438 1391
439 1396
440 1391
441 1396
442 1391
443 1396
444 1391
445 1396
446 1391
447 1396
448 1391
449 1396
450 1391
451 1396
452 1391
453 1396
454 1391
455 1396
456 1391
457 1396
458 1391
459 1396
460 1391
461 1396
462 1391
463 1396
464 1391
465 1396
466 1391
467 1396
468 1389
469 1396
470 1391
471 1396
472 1388
473 1397
474 1392
475 1397
476 1392
477 1397
478 1392
479 1397
480 1392
481 1397
482 1392
483 1397
484 1388
485 1396
486 1391
487 1396
488 1391
489 1396
490 1391
491 1396
492 1389
493 1396
494 1391
495 1396
496 1391
497 1393
498 1391
499 1396
500 1391
501 1396
502 1391
503 1396
504 1389
505 1396
506 1391
507 1396
508 1391
509 1393
510 1391
511 1396
512 1391
513 1396
514 1391
515 1396
516 1389
517 1396
518 1391
519 1396
520 1391
521 1393
522 1391
523 1396
524 1391
525 1396
526 1391
527 1396
528 1389
529 1396
530 1391
531 1396
532 1391
533 1393
534 1391
535 1396
536 1391
537 1396
538 1391
539 1396
540 1389
541 1396
542 1391
543 1396
544 1391
545 1393
546 1391
547 1396
548 1391
549 1396
550 1391
551 1396
552 1389
553 1396
554 1391
555 1396
556 1391
557 1393
558 1391
559 1396
560 1391
561 1396
562 1391
563 1396
564 1389
565 1396
566 1391
567 1396
568 1391
569 1393
570 1391
571 1396
572 1391
573 1396
574 1391
575 1396
576 1389
577 1396
578 1391
579 1396
580 1391
581 1393
582 1391
583 1396
584 1391
585 1396
586 1391
587 1396
588 1389
589 1396
590 1391
591 1396
592 1391
593 1393
594 1391
595 1396
596 1391
597 1396
598 1391
599 1396
600 1389
601 1396
602 1391
603 1396
604 1391
605 1393
606 1391
607 1396
608 1391
609 1396
610 1391
611 1396
612 1389
613 1396
614 1391
615 1396
616 1391
617 1393
618 1391
619 1396
620 1391
621 1396
622 1391
623 1396
624 1389
625 1396
626 1391
627 1396
628 1391
629 1393
630 1391
631 1396
632 1391
633 1396
634 1391
635 1396
636 1389
637 1396
638 1391
639 1396
640 1391
641 1393
642 1391
643 1396
644 1391
645 1396
646 1391
647 1396
648 1389
649 1396
650 1391
651 1396
652 1391
653 1393
654 1391
655 1396
656 1391
657 1396
658 1391
659 1396
660 1389
661 1396
662 1391
663 1396
664 1391
665 1393
666 1391
667 1396
668 1391
669 1396
670 1391
671 1396
672 1389
673 1396
674 1391
675 1396
676 1391
677 1393
678 1391
679 1396
680 1391
681 1396
682 1391
683 1396
684 1389
685 1396
686 1391
687 1396
688 1391
689 1393
690 1391
691 1396
692 1391
693 1396
694 1391
695 1396
696 1389
697 1396
698 1391
699 1396
700 1391
701 1393
702 1391
703 1396
704 1391
705 1396
706 1391
707 1396
708 1391
709 1396
710 1391
711 1396
712 1391
713 1393
714 1391
715 1396
716 1391
717 1396
718 1391
719 1396
720 1391
721 1384
722 1396
723 1391
724 1396
725 1391
726 1393
727 1391
728 1396
729 1391
730 1396
731 1391
732 1396
733 1391
734 1396
735 1391
736 1396
737 1391
738 1396
739 1391
740 1396
741 1391
742 1396
743 1391
744 1396
745 1391
746 1396
747 1391
748 1396
749 1391
750 1396
751 1391
752 1396
753 1391
754 1396
755 1391
756 1396
757 1391
758 1396
759 1391
760 1396
761 1391
762 1396
763 1391
764 1396
765 1391
766 1396
767 1391
768 1396
769 1391
770 1396
771 1391
772 1396
773 1391
774 1396
775 1391
776 1396
777 1391
778 1396
779 1391
780 1396
781 1391
782 1396
783 1391
784 1396
785 1391
786 1396
787 1391
788 1396
789 1391
790 1396
791 1391
792 1396
793 1391
794 1396
795 1391
796 1396
797 1391
798 1396
799 1391
800 1396
801 1391
802 1396
803 1391
804 1396
805 1391
806 1396
807 1391
808 1396
809 1391
810 1396
811 1391
812 1396
813 1391
814 1396
815 1391
816 1396
817 1391
818 1396
819 1391
820 1396
821 1391
822 1396
823 1391
824 1396
825 1391
826 1396
827 1391
828 1396
829 1391
830 1396
831 1391
832 1396
833 1391
834 1396
835 1391
836 1396
837 1391
838 1396
839 1391
840 1396
841 1391
842 1396
843 1391
844 1396
845 1391
846 1396
847 1391
848 1396
849 1391
850 1396
851 1391
852 1396
853 1391
854 1396
855 1391
856 1396
857 1391
858 1396
859 1391
860 1396
861 1391
862 1396
863 1391
864 1396
865 1391
866 1396
867 1391
868 1396
869 1391
870 1396
871 1391
872 1396
873 1391
874 1396
875 1391
876 1396
877 1391
878 1396
879 1391
880 1396
881 1391
882 1396
883 1391
884 1396
885 1391
886 1396
887 1391
888 1396
889 1391
890 1396
891 1391
892 1396
893 1391
894 1396
895 1391
896 1396
897 1391
898 1396
899 1391
900 1396
901 1391
902 1396
903 1391
904 1396
905 1391
906 1396
907 1391
908 1396
909 1391
910 1396
911 1391
912 1396
913 1391
914 1396
915 1391
916 1396
917 1391
918 1396
919 1391
920 1396
921 1391
922 1396
923 1391
924 1396
925 1391
926 1393
927 1391
928 1396
929 1391
930 1384
931 1396
932 1391
933 1396
934 1391
935 1396
936 1391
937 1396
938 1391
939 1393
940 1391
941 1396
942 1376
943 1396
944 1391
945 1396
946 1391
947 1396
948 1391
949 1396
950 1391
951 1393
952 1391
953 1396
954 1376
955 1396
956 1391
957 1396
958 1391
959 1396
960 1391
961 1396
962 1391
963 1393
964 1391
965 1396
966 1376
967 1396
968 1391
969 1396
970 1391
971 1396
972 1391
973 1396
974 1391
975 1393
976 1391
977 1396
978 1376
979 1396
980 1391
981 1396
982 1391
983 1396
984 1391
985 1396
986 1391
987 1393
988 1391
989 1396
990 1376
991 1396
992 1391
993 1396
994 1391
995 1396
996 1391
997 1396
998 1391
999 1393
1000 1391
1001 1396
