knapPI_3_5000_1000_1
72505
1 30705
2 30705
3 30705
4 30705
5 30705
6 30705
7 30705
8 30705
9 30705
10 30705
11 30705
12 30705
13 30705
14 30705
15 30705
16 30705
17 30705
18 30705
19 30705
20 30705
21 30705
22 30705
23 30705
24 30705
25 30705
26 30705
27 30705
28 30705
29 30705
30 30705
31 30705
32 30705
33 30705
34 30705
35 30705
36 30705
37 30705
38 30705
39 30705
40 30705
41 30705
42 30705
43 30705
44 30705
45 30705
46 30705
47 30705
48 30705
49 30705
50 30705
51 30705
52 30705
53 30705
54 30705
55 30705
56 30705
57 30705
58 30705
59 30705
60 30705
61 30705
62 30705
63 30705
64 30705
65 30705
66 30705
67 30705
68 30705
69 30705
70 30705
71 30705
72 30705
73 30705
74 30705
75 30705
76 30705
77 30705
78 30705
79 30705
80 30705
81 30705
82 30705
83 30705
84 30705
85 30705
86 30705
87 30705
88 30705
89 30705
90 30705
91 30705
92 30705
93 30705
94 30705
95 30705
96 30705
97 30705
98 30705
99 30705
100 30705
101 30705
102 30705
103 30705
104 30705
105 30705
106 30705
107 30705
108 30705
109 30705
110 30705
111 30705
112 30705
113 30705
114 30705
115 30705
116 30705
117 30705
118 30705
119 30705
120 30705
121 30705
122 30705
123 30705
124 30705
125 30705
126 30705
127 30705
128 30705
129 30705
130 30705
131 30705
132 30705
133 30705
134 30705
135 30705
136 30705
137 30705
138 30705
139 30705
140 30705
141 30705
142 30705
143 30705
144 30705
145 30705
146 30705
147 30705
148 30705
149 30705
150 30705
151 30705
152 30705
153 30705
154 30705
155 30705
156 30705
157 30705
158 30705
159 30705
160 30705
161 30705
162 30705
163 30705
164 30705
165 30705
166 30705
167 30705
168 30705
169 30705
170 30705
171 30705
172 30705
173 30705
174 30705
175 30705
176 30705
177 30705
178 30705
179 30705
180 30705
181 30705
182 30705
183 30705
184 30705
185 30705
186 30705
187 30705
188 30705
189 30705
190 30705
191 30705
192 30705
193 30705
194 30705
195 30705
196 30705
197 30705
198 30705
199 30705
200 30705
201 30705
202 30705
203 30705
204 30705
205 30705
206 30705
207 30705
208 30705
209 30705
210 30705
211 30705
212 30705
213 30705
214 30705
215 30705
216 30705
217 30705
218 30705
219 30705
220 30705
221 30705
222 30705
223 30705
224 30705
225 30705
226 30705
227 30705
228 30705
229 30705
230 30705
231 30705
232 30705
233 30705
234 30705
235 30705
236 30705
237 30705
238 30705
239 30705
240 30705
241 30705
242 30705
243 30705
244 30705
245 30705
246 30705
247 30705
248 30705
249 30705
250 30705
251 30705
252 30705
253 30705
254 30705
255 30705
256 30705
257 30705
258 30705
259 30705
260 30705
261 30705
262 30705
263 30705
264 30705
265 30705
266 30705
267 30705
268 30705
269 30705
270 30705
271 30705
272 30705
273 30705
274 30705
275 30705
276 30705
277 30705
278 30705
279 30705
280 30705
281 30705
282 30705
283 30705
284 30705
285 30705
286 30705
287 30705
288 30705
289 30705
290 30705
291 30705
292 30705
293 30705
294 30705
295 30705
296 30705
297 30705
298 30705
299 30705
300 30705
301 30705
302 30705
303 30705
304 30705
305 30705
306 30705
307 30705
308 30705
309 30705
310 30705
311 30705
312 30705
313 30705
314 30705
315 30705
316 30705
317 30705
318 30705
319 30705
320 30705
321 30705
322 30705
323 30705
324 30705
325 30705
326 30705
327 30705
328 30705
329 30705
330 30705
331 30705
332 30705
333 30705
334 30705
335 30705
336 30705
337 30705
338 30705
339 30705
340 30705
341 30705
342 30705
343 30705
344 30705
345 30705
346 30705
347 30705
348 30705
349 30705
350 30705
351 30705
352 30705
353 30705
354 30705
355 30705
356 30705
357 30705
358 30705
359 30705
360 30705
361 30705
362 30705
363 30705
364 30705
365 30705
366 30705
367 30705
368 30705
369 30705
370 30705
371 30705
372 30705
373 30705
374 30705
375 30705
376 30705
377 30705
378 30705
379 30705
380 30705
381 30705
382 30705
383 30705
384 30705
385 30705
386 30705
387 30705
388 30705
389 30705
390 30705
391 30705
392 30705
393 30705
394 30705
395 30705
396 30705
397 30705
398 30705
399 30705
400 30705
401 30705
402 30705
403 30705
404 30705
405 30705
406 30705
407 30705
408 30705
409 30705
410 30705
411 30705
412 30705
413 30705
414 30705
415 30705
416 30705
417 30705
418 30705
419 30705
420 30705
421 30705
422 30705
423 30705
424 30705
425 30705
426 30705
427 30705
428 30705
429 30705
430 30705
431 30705
432 30705
433 30705
434 30705
435 30705
436 30705
437 30705
438 30705
439 30705
440 30705
441 30705
442 30705
443 30705
444 30705
445 30705
446 30705
447 30705
448 30705
449 30705
450 30705
451 30705
452 30705
453 30705
454 30705
455 30705
456 30705
457 30705
458 30705
459 30705
460 30705
461 30705
462 30705
463 30705
464 30705
465 30705
466 30705
467 30705
468 30705
469 30705
470 30705
471 30705
472 30705
473 30705
474 30705
475 30705
476 30705
477 30705
478 30705
479 30705
480 30705
481 30705
482 30705
483 30705
484 30705
485 30705
486 30705
487 30705
488 30705
489 30705
490 30705
491 30705
492 30705
493 30705
494 30705
495 30705
496 30705
497 30705
498 30705
499 30705
500 30705
501 30705
502 30705
503 30705
504 30705
505 30705
506 30705
507 30705
508 30705
509 30705
510 30705
511 30705
512 30705
513 30705
514 30705
515 30705
516 30705
517 30705
518 30705
519 30705
520 30705
521 30705
522 30705
523 30705
524 30705
525 30705
526 30705
527 30705
528 30705
529 30705
530 30705
531 30705
532 30705
533 30705
534 30705
535 30705
536 30705
537 30705
538 30705
539 30705
540 30705
541 30705
542 30705
543 30705
544 30705
545 30705
546 30705
547 30705
548 30705
549 30705
550 30705
551 30705
552 30705
553 30705
554 30705
555 30705
556 30705
557 30705
558 30705
559 30705
560 30705
561 30705
562 30705
563 30705
564 30705
565 30705
566 30705
567 30705
568 30705
569 30705
570 30705
571 30705
572 30705
573 30705
574 30705
575 30705
576 30705
577 30705
578 30705
579 30705
580 30705
581 30705
582 30705
583 30705
584 30705
585 30705
586 30705
587 30705
588 30705
589 30705
590 30705
591 30705
592 30705
593 30705
594 30705
595 30705
596 30705
597 30705
598 30705
599 30705
600 30705
601 30705
602 30705
603 30705
604 30705
605 30705
606 30705
607 30705
608 30705
609 30705
610 30705
611 30705
612 30705
613 30705
614 30705
615 30705
616 30705
617 30705
618 30705
619 30705
620 30705
621 30705
622 30705
623 30705
624 30705
625 30705
626 30705
627 30705
628 30705
629 30705
630 30705
631 30705
632 30705
633 30705
634 30705
635 30705
636 30705
637 30705
638 30705
639 30705
640 30705
641 30705
642 30705
643 30705
644 30705
645 30705
646 30705
647 30705
648 30705
649 30705
650 30705
651 30705
652 30705
653 30705
654 30705
655 30705
656 30705
657 30705
658 30705
659 30705
660 30705
661 30705
662 30705
663 30705
664 30705
665 30705
666 30705
667 30705
668 30705
669 30705
670 30705
671 30705
672 30705
673 30705
674 30705
675 30705
676 30705
677 30705
678 30705
679 30705
680 30705
681 30705
682 30705
683 30705
684 30705
685 30705
686 30705
687 30705
688 30705
689 30705
690 30705
691 30705
692 30705
693 30705
694 30705
695 30705
696 30705
697 30705
698 30705
699 30705
700 30705
701 30705
702 30705
703 30705
704 30705
705 30705
706 30705
707 30705
708 30705
709 30705
710 30705
711 30705
712 30705
713 30705
714 30705
715 30705
716 30705
717 30705
718 30705
719 30705
720 30705
721 30705
722 30705
723 30705
724 30705
725 30705
726 30705
727 30705
728 30705
729 30705
730 30705
731 30705
732 30705
733 30705
734 30705
735 30705
736 30705
737 30705
738 30705
739 30705
740 30705
741 30705
742 30705
743 30705
744 30705
745 30705
746 30705
747 30705
748 30705
749 30705
750 30705
751 30705
752 30705
753 30705
754 30705
755 30705
756 30705
757 30705
758 30705
759 30705
760 30705
761 30705
762 30705
763 30705
764 30705
765 30705
766 30705
767 30705
768 30705
769 30705
770 30705
771 30705
772 30705
773 30705
774 30705
775 30705
776 30705
777 30705
778 30705
779 30705
780 30705
781 30705
782 30705
783 30705
784 30705
785 30705
786 30705
787 30705
788 30705
789 30705
790 30705
791 30705
792 30705
793 30705
794 30705
795 30705
796 30705
797 30705
798 30705
799 30705
800 30705
801 30705
802 30705
803 30705
804 30705
805 30705
806 30705
807 30705
808 30705
809 30705
810 30705
811 30705
812 30705
813 30705
814 30705
815 30705
816 30705
817 30705
818 30705
819 30705
820 30705
821 30705
822 30705
823 30705
824 30705
825 30705
826 30705
827 30705
828 30705
829 30705
830 30705
831 30705
832 30705
833 30705
834 30705
835 30705
836 30705
837 30705
838 30705
839 30705
840 30705
841 30705
842 30705
843 30705
844 30705
845 30705
846 30705
847 30705
848 30705
849 30705
850 30705
851 30705
852 30705
853 30705
854 30705
855 30705
856 30705
857 30705
858 30705
859 30705
860 30705
861 30705
862 30705
863 30705
864 30705
865 30705
866 30705
867 30705
868 30705
869 30705
870 30705
871 30705
872 30705
873 30705
874 30705
875 30705
876 30705
877 30705
878 30705
879 30705
880 30705
881 30705
882 30705
883 30705
884 30705
885 30705
886 30705
887 30705
888 30705
889 30705
890 30705
891 30705
892 30705
893 30705
894 30705
895 30705
896 30705
897 30705
898 30705
899 30705
900 30705
901 30705
902 30705
903 30705
904 30705
905 30705
906 30705
907 30705
908 30705
909 30705
910 30705
911 30705
912 30705
913 30705
914 30705
915 30705
916 30705
917 30705
918 30705
919 30705
920 30705
921 30705
922 30705
923 30705
924 30705
925 30705
926 30705
927 30705
928 30705
929 30705
930 30705
931 30705
932 30705
933 30705
934 30705
935 30705
936 30705
937 30705
938 30705
939 30705
940 30705
941 30705
942 30705
943 30705
944 30705
945 30705
946 30705
947 30705
948 30705
949 30705
950 30705
951 30705
952 30705
953 30705
954 30705
955 30705
956 30705
957 30705
958 30705
959 30705
960 30705
961 30705
962 30705
963 30705
964 30705
965 30705
966 30705
967 30705
968 30705
969 30705
970 30705
971 30705
972 30705
973 30705
974 30705
975 30705
976 30705
977 30705
978 30705
979 30705
980 30705
981 30705
982 30705
983 30705
984 30705
985 30705
986 30705
987 30705
988 30705
989 30705
990 30705
991 30705
992 30705
993 30705
994 30705
995 30705
996 30705
997 30705
998 30705
999 30705
1000 30705
1001 30705
