knapPI_1_100_1000_1
9147
1 5654
2 6184
3 7341
4 7700
5 7941
6 7967
7 7844
8 8087
9 8092
10 9147
11 8528
12 9147
13 8808
14 9147
15 8990
16 9147
17 8990
18 9147
19 8940
20 8523
21 8940
22 9147
23 8990
24 9147
25 8990
26 9147
27 8990
28 9147
29 8990
30 9147
31 8990
32 8573
33 8366
34 8911
35 8940
36 8569
37 8940
38 9147
39 8990
40 9147
41 8990
42 9147
43 8990
44 9147
45 8990
46 8573
47 8990
48 9147
49 8940
50 8569
51 8940
52 9147
53 8990
54 9147
55 8990
56 9147
57 8990
58 8573
59 8990
60 9147
61 8990
62 9147
63 8940
64 8569
65 8940
66 9147
67 8990
68 9147
69 8990
70 8573
71 8990
72 9147
73 8990
74 9147
75 8990
76 9147
77 8940
78 8569
79 8940
80 9147
81 8990
82 8573
83 8990
84 9147
85 8990
86 9147
87 8990
88 9147
89 8990
90 9147
91 8940
92 8569
93 8940
94 8523
95 8940
96 9147
97 8990
98 9147
99 8990
100 9147
101 8990
102 9147
103 8990
104 9147
105 8990
106 8573
107 8366
108 8911
109 8940
110 8569
111 8940
112 9147
113 8990
114 9147
115 8990
116 9147
117 8990
118 9147
119 8990
120 8573
121 8990
122 9147
123 8940
124 8569
125 8940
126 9147
127 8990
128 9147
129 8990
130 9147
131 8990
132 8573
133 8990
134 9147
135 8990
136 8530
137 8556
138 8745
139 8290
140 8745
141 8126
142 8745
143 8929
144 8897
145 8929
146 8897
147 8929
148 8897
149 8929
150 8897
151 8929
152 8897
153 8929
154 8745
155 8226
156 7771
157 8290
158 8745
159 8191
160 8745
161 8929
162 8897
163 8929
164 8897
165 8929
166 8897
167 8929
168 8897
169 8929
170 8410
171 8929
172 8745
173 8290
174 8745
175 8929
176 8375
177 8929
178 8897
179 8480
180 8897
181 8929
182 8897
183 8929
184 8897
185 8929
186 8745
187 8929
188 8410
189 7955
190 8474
191 8929
192 8375
193 8929
194 8897
195 8929
196 8897
197 8929
198 8788
199 8929
200 8897
201 8278
202 8897
203 8929
204 8474
205 8929
206 8897
207 8343
208 8897
209 8929
210 8788
211 8328
212 8788
213 8507
214 8788
215 8929
216 8897
217 8929
218 8897
219 8343
220 8897
221 8929
222 8474
223 8929
224 8310
225 8929
226 8745
227 8929
228 8897
229 8929
230 8897
231 8929
232 8897
233 8929
234 8897
235 8929
236 8897
237 8278
238 8094
239 7639
240 8258
241 7704
242 8258
243 8713
244 8897
245 8929
246 8897
247 8929
248 8897
249 8929
250 8897
251 8929
252 8410
253 8929
254 8897
255 8713
256 8258
257 8713
258 8159
259 8713
260 8897
261 8480
262 8897
263 8929
264 8897
265 8929
266 8897
267 8929
268 8897
269 8929
270 8897
271 8713
272 8258
273 8713
274 8159
275 8713
276 8897
277 8278
278 8897
279 8929
280 8897
281 8929
282 8897
283 8929
284 8897
285 8929
286 8681
287 8264
288 8681
289 8929
290 8745
291 8132
292 8745
293 8929
294 8897
295 8929
296 8897
297 8929
298 8897
299 8929
300 8897
301 8929
302 8512
303 8929
304 8897
305 8929
306 8474
307 7920
308 7736
309 8497
310 8745
311 8929
312 8897
313 8929
314 8897
315 8929
316 8897
317 8929
318 8897
319 8929
320 8897
321 8929
322 8474
323 7955
324 8474
325 7920
326 8681
327 8929
328 8897
329 8929
330 8897
331 8929
332 8788
333 8328
334 8788
335 8201
336 8788
337 8911
338 8940
339 8810
340 9147
341 8990
342 9147
343 8990
344 9147
345 8990
346 9147
347 8990
348 8394
349 8990
350 9147
351 8990
352 9147
353 8528
354 8073
355 8692
356 9147
357 8990
358 9147
359 8990
360 8394
361 8990
362 9147
363 8990
364 9147
365 8730
366 9147
367 8940
368 9147
369 8990
370 9147
371 8990
372 9147
373 8990
374 9147
375 8551
376 9147
377 8990
378 9147
379 8730
380 9147
381 8990
382 9147
383 8990
384 8783
385 8990
386 9147
387 8990
388 9147
389 8990
390 8394
391 7977
392 8573
393 8990
394 9147
395 8990
396 9147
397 8990
398 9147
399 8940
400 9147
401 8990
402 9147
403 8990
404 8573
405 8990
406 9147
407 8990
408 9147
409 8990
410 9147
411 8990
412 9147
413 8692
414 8362
415 8086
416 7601
417 8086
418 8541
419 8929
420 8897
421 8929
422 8897
423 8929
424 8897
425 8929
426 8897
427 8929
428 8897
429 8442
430 8025
431 7471
432 7287
433 7841
434 8301
435 8756
436 8897
437 8929
438 8897
439 8929
440 8897
441 8929
442 8410
443 8929
444 8897
445 8929
446 8897
447 8929
448 8474
449 7920
450 7779
451 7319
452 8080
453 8540
454 8788
455 8929
456 8897
457 8929
458 8897
459 8929
460 8897
461 8929
462 8897
463 8929
464 8897
465 8929
466 8662
467 8929
468 8681
469 8929
470 8384
471 7697
472 8384
473 8013
474 8384
475 8929
476 8897
477 8442
478 8301
479 8756
480 8303
481 8756
482 8169
483 8756
484 8897
485 8929
486 8310
487 8929
488 8897
489 8929
490 8897
491 8929
492 8375
493 8929
494 8897
495 8756
496 8296
497 8756
498 8375
499 8756
500 8283
501 8756
502 8169
503 8041
504 8654
505 8686
506 8410
507 8929
508 8897
509 8929
510 8681
511 8929
512 8897
513 8929
514 8897
515 8480
516 8897
517 8929
518 8745
519 8290
520 8745
521 8929
522 8375
523 8929
524 8410
525 8929
526 8897
527 8929
528 8897
529 8929
530 8897
531 8929
532 8788
533 8407
534 8788
535 8328
536 8788
537 8477
538 8788
539 8315
540 8187
541 8783
542 8751
543 8940
544 9147
545 8990
546 9147
547 8990
548 9147
549 8990
550 9147
551 8990
552 9147
553 8810
554 9147
555 8990
556 8660
557 8384
558 8929
559 8897
560 8929
561 8897
562 8929
563 8897
564 8929
565 8897
566 8929
567 8897
568 8343
569 8159
570 7614
571 8227
572 7772
573 8258
574 8713
575 8897
576 8929
577 8897
578 8929
579 8897
580 8929
581 8897
582 8929
583 8897
584 8929
585 8410
586 8929
587 8681
588 8929
589 8897
590 8756
591 8283
592 8756
593 8143
594 7524
595 8211
596 7722
597 8449
598 8510
599 8817
600 9147
601 8990
602 9147
603 8990
604 9147
605 8990
606 9147
607 8990
608 8371
609 7775
610 8394
611 8990
612 8783
613 8990
614 9147
615 8990
616 9147
617 8990
618 9147
619 8990
620 9147
621 8990
622 8394
623 8990
624 9147
625 8692
626 9147
627 8990
628 9147
629 8528
630 9147
631 8990
632 9147
633 8990
634 8412
635 8481
636 8788
637 8315
638 8911
639 8940
640 9147
641 8990
642 9147
643 8990
644 9147
645 8990
646 9147
647 8990
648 9147
649 8990
650 9147
651 8990
652 9147
653 8990
654 9147
655 8551
656 9147
657 8990
658 9147
659 8990
660 9147
661 8990
662 9147
663 8990
664 8783
665 8366
666 8911
667 8940
668 9147
669 8990
670 9147
671 8990
672 9147
673 8990
674 9147
675 8990
676 9147
677 8990
678 8573
679 8118
680 8573
681 8990
682 8660
683 8556
684 8745
685 8929
686 8897
687 8929
688 8897
689 8929
690 8681
691 8929
692 8897
693 8929
694 8512
695 8929
696 8745
697 8132
698 8745
699 8290
700 8745
701 8374
702 8745
703 8259
704 8745
705 8929
706 8473
707 8929
708 8897
709 8929
710 8897
711 8442
712 8025
713 8480
714 8897
715 8343
716 8897
717 8929
718 8897
719 8713
720 8897
721 8929
722 8897
723 8929
724 8897
725 8929
726 8897
727 8929
728 8897
729 8929
730 8897
731 8756
732 8897
733 8929
734 8375
735 7856
736 8443
737 7925
738 8443
739 8062
740 8681
741 8929
742 8897
743 8756
744 8897
745 8929
746 8897
747 8929
748 8897
749 8929
750 8410
751 8929
752 8681
753 8929
754 8897
755 8756
756 8283
757 8756
758 8897
759 8278
760 8897
761 8929
762 8897
763 8929
764 8681
765 8929
766 8897
767 8929
768 8897
769 8756
770 8283
771 8756
772 8296
773 8756
774 8169
775 8756
776 8303
777 8175
778 8687
779 9147
780 8808
781 9147
782 8692
783 9147
784 8990
785 9147
786 8990
787 8660
788 8556
789 8139
790 8599
791 8788
792 8507
793 8788
794 8929
795 8375
796 8929
797 8897
798 8278
799 8897
800 8929
801 8474
802 8929
803 8897
804 8929
805 8788
806 8201
807 7715
808 8302
809 8391
810 8808
811 9147
812 8990
813 9147
814 8692
815 9147
816 8990
817 9147
818 8990
819 9147
820 8990
821 9147
822 8990
823 9147
824 8990
825 8653
826 8990
827 8573
828 8243
829 7962
830 8507
831 8788
832 8929
833 8897
834 8929
835 8897
836 8343
837 8897
838 8929
839 8897
840 8278
841 8897
842 8442
843 8897
844 8929
845 8788
846 8201
847 8788
848 8522
849 7977
850 8573
851 8990
852 9147
853 8990
854 9147
855 8990
856 9147
857 8990
858 9147
859 8990
860 9147
861 8990
862 9147
863 8990
864 8394
865 8990
866 9147
867 8528
868 9147
869 8692
870 9147
871 8990
872 9147
873 8990
874 9147
875 8990
876 8660
877 8384
878 7899
879 8512
880 8929
881 8474
882 8929
883 8897
884 8929
885 8897
886 8929
887 8897
888 8929
889 8897
890 8929
891 8897
892 8929
893 8384
894 8929
895 8474
896 8929
897 8375
898 8929
899 8788
900 8625
901 8788
902 8328
903 8788
904 8638
905 8817
906 8305
907 8817
908 8940
909 8810
910 9147
911 8990
912 9147
913 8990
914 9147
915 8990
916 8573
917 8990
918 9147
919 8990
920 9147
921 8990
922 9147
923 8990
924 8660
925 8397
926 8660
927 8384
928 7899
929 8512
930 8929
931 8897
932 8929
933 8681
934 8929
935 8686
936 8026
937 8686
938 7999
939 8686
940 8141
941 8686
942 8507
943 8638
944 8267
945 8756
946 8303
947 8756
948 8897
949 8929
950 8310
951 8929
952 8897
953 8929
954 8897
955 8929
956 8897
957 8929
958 8897
959 8713
960 8159
961 8713
962 8094
963 8713
964 8897
965 8929
966 8897
967 8929
968 8474
969 8929
970 8897
971 8480
972 7926
973 8480
974 8897
975 8713
976 8897
977 8929
978 8897
979 8929
980 8474
981 8929
982 8410
983 8929
984 8375
985 8929
986 8897
987 8929
988 8788
989 8481
990 8788
991 8929
992 8897
993 8929
994 8897
995 8929
996 8897
997 8929
998 8897
999 8929
1000 8375
1001 7920
